Test 2: Motion data
2.69, 9.31, -0.39, 48.63, -21.65, -103.76, -0.07, 0.02, -0.03
2.56, 9.19, -1.42, 49.11, -21.09, -103.76, 0.02, -0.01, -0.08
3.04, 8.86, -0.50, 49.65, -19.82, -104.02, 0.28, 0.42, -0.18
5.56, 8.81, 0.71, 50.13, -20.64, -112.07, 1.66, -0.30, 0.16
1.82, 7.07, 5.48, 47.88, -17.47, -115.78, 0.17, 0.10, 0.30
4.89, 9.49, 0.16, 50.32, -21.73, -114.59, -0.95, 0.24, -0.09
1.37, 9.16, 0.88, 48.35, -22.58, -103.68, -1.38, -0.04, -0.34
1.60, 10.32, -1.29, 50.98, -21.18, -92.72, -1.08, -0.18, -0.35
2.01, 11.25, -1.46, 51.33, -20.64, -103.23, 2.31, -0.55, 0.65
1.54, 10.35, -0.70, 42.27, -18.65, -119.07, 1.02, -0.84, 0.68
-0.73, 9.41, -5.81, 43.98, -20.53, -114.60, -1.68, -0.43, 0.11
0.99, 9.34, -0.41, 44.84, -23.49, -102.51, -1.13, -0.24, -0.33
7.42, 11.13, 11.44, 50.96, -25.12, -95.44, 1.14, -0.76, -0.41
3.29, 6.26, -3.58, 46.11, -20.91, -115.70, 2.58, 0.73, 0.28
-0.50, 6.46, 3.77, 43.63, -16.11, -124.52, 0.16, 0.44, -0.15
1.07, 8.56, 1.06, 45.66, -22.38, -110.26, -1.16, 0.98, -0.21
1.29, 10.09, 1.00, 46.08, -23.66, -100.88, -1.09, -0.20, -0.29
3.59, 11.65, -2.14, 46.99, -23.00, -108.71, 2.59, 0.97, 0.57
0.15, 8.80, -0.41, 39.64, -17.22, -122.22, 0.37, -0.96, 0.52
13.20, -2.25, 3.89, 45.53, -16.76, -118.91, -1.99, -0.82, -0.01
0.40, 9.21, 0.01, 44.64, -22.60, -110.99, -1.30, -0.52, -0.22
3.76, 14.66, 7.95, 48.42, -23.94, -104.52, 0.10, -0.11, -0.35
2.31, 7.36, -0.29, 44.97, -19.44, -117.41, 1.64, -0.30, 0.22
0.75, 6.98, 5.55, 44.68, -13.58, -122.79, -0.52, 1.66, -0.11
3.76, 7.14, -0.27, 46.11, -18.94, -108.14, -2.48, -0.43, -0.18
1.11, 11.17, 1.39, 48.73, -20.33, -95.76, -0.22, -0.74, -0.32
2.77, 7.94, -2.87, 43.83, -19.48, -113.69, 2.12, 0.52, 0.83
0.41, 7.50, 8.26, 40.50, -18.49, -123.75, 0.98, 0.89, 0.56
-1.82, 12.05, -2.03, 41.07, -19.50, -114.59, -1.64, 0.04, -0.27
3.32, 9.55, 0.27, 43.32, -19.13, -99.01, -1.13, 0.14, -0.34
0.62, 14.88, -7.85, 43.96, -16.25, -106.91, 0.35, -2.29, 1.19
2.21, 5.47, -2.45, 41.45, -13.15, -123.91, 0.34, -1.25, 0.49
17.53, -3.20, -4.39, 43.20, -13.65, -121.34, -1.71, -1.37, 0.51
0.27, 10.07, 1.36, 41.65, -17.10, -107.37, -1.61, 0.22, -0.20
-1.03, 11.03, 4.45, 44.80, -15.30, -98.99, -0.71, 0.02, -0.58
1.66, 8.76, -3.94, 48.45, -18.31, -115.77, 2.58, 0.29, 1.07
0.29, 8.01, 10.63, 45.57, -16.91, -120.75, 0.29, 1.19, -0.38
1.81, 11.12, -0.51, 40.89, -18.08, -106.28, -1.21, 0.92, -0.12
3.68, 10.45, -0.11, 38.92, -15.61, -94.14, -1.35, -0.21, -0.34
-0.89, 15.85, -6.17, 40.53, -15.83, -104.00, 1.72, -0.03, 0.86
1.88, 5.85, -1.26, 36.13, -13.23, -119.50, 0.45, -0.95, 0.63
3.22, 7.85, -6.49, 40.25, -14.78, -116.63, -2.74, -2.80, 0.45
-0.10, 10.29, 0.11, 37.46, -16.27, -101.68, -1.41, 0.44, -0.39
6.33, 13.03, 6.89, 43.47, -17.38, -96.58, 0.91, -0.33, -0.24
3.66, 7.88, -3.18, 38.83, -15.40, -115.07, 2.33, 0.50, 0.87
-0.78, 6.43, -1.54, 37.24, -13.02, -121.85, -1.24, 1.06, 0.43
3.95, 8.36, 0.18, 37.68, -16.97, -110.26, -1.13, 1.26, -0.20
3.52, 9.03, 2.83, 40.92, -15.86, -96.16, -1.44, 0.29, -0.35
1.55, 11.65, -2.44, 43.60, -17.80, -107.92, 2.38, 0.28, 0.39
2.96, 8.20, 0.49, 40.16, -16.60, -112.60, 1.84, 1.81, 0.27
3.54, 9.01, 2.20, 42.77, -20.14, -105.00, -0.78, 0.92, 0.22
2.20, 8.99, 0.93, 42.43, -17.58, -91.46, -0.90, 1.05, -0.41
2.81, 11.69, 2.20, 46.14, -17.45, -87.34, 0.62, -1.29, -0.31
5.51, 6.07, -0.15, 42.79, -20.37, -95.19, 1.70, 0.50, 0.25
7.69, 10.54, -1.54, 39.96, -19.73, -94.29, -1.10, 1.50, 0.46
2.45, 8.88, 1.14, 38.18, -18.21, -84.84, -1.19, 0.09, -0.14
2.35, 10.84, 1.30, 34.13, -11.52, -73.95, -0.53, 0.48, -0.40
2.83, 8.95, -2.28, 29.00, -19.73, -75.77, 1.65, 1.42, 0.10
2.51, 7.35, -1.11, 20.46, -29.14, -86.50, 1.49, 0.96, 0.31
1.28, 10.52, -0.94, 15.13, -28.78, -84.93, -0.76, 0.18, 0.20
2.66, 9.17, -0.88, 13.87, -25.04, -77.20, -0.35, 0.77, -0.20
4.90, 9.62, 7.10, 12.99, -23.18, -73.24, 0.85, -0.21, -0.22
2.04, 8.51, -0.81, 10.25, -28.82, -84.60, 1.39, 0.97, 0.57
2.51, 7.84, 4.17, 6.93, -32.52, -96.71, 0.83, 1.31, -0.05
0.33, 9.69, -0.99, 4.05, -28.60, -88.75, -0.80, 0.80, -0.06
3.59, 9.33, 0.31, 2.29, -20.89, -76.81, -0.82, 0.18, -0.22
-2.72, 13.82, -6.92, 9.35, -22.87, -77.16, 0.24, -2.12, 1.04
3.45, 4.83, -2.56, 1.34, -27.08, -96.86, -0.09, -0.56, 0.73
10.47, 5.41, -3.73, 2.18, -28.00, -100.96, -2.13, -1.35, 0.61
0.45, 10.36, -1.08, -0.23, -24.19, -84.14, -1.48, 0.20, -0.38
5.46, 13.49, 7.18, 1.61, -20.51, -76.75, 1.26, 0.25, -0.22
1.80, 8.59, -3.84, 2.60, -27.80, -94.23, 2.23, 0.54, 0.94
2.68, 8.57, 4.78, -2.31, -24.89, -108.59, -0.31, -0.05, -0.10
2.00, 7.92, -0.09, -6.30, -23.19, -96.43, -1.55, 0.25, -0.25
3.16, 9.93, 2.30, -3.71, -22.04, -83.72, -0.41, 0.21, -0.55
1.14, 11.41, -4.20, 3.49, -30.99, -95.10, 2.45, 1.02, 0.53
5.85, 8.59, 7.75, -0.66, -22.68, -120.61, 2.12, 2.07, 0.72
2.00, 8.90, -0.35, -2.00, -21.12, -117.28, -1.04, 0.36, -0.05
2.38, 9.11, -0.10, 2.08, -25.43, -108.01, -0.82, 0.72, -0.30
2.11, 14.12, 2.93, 8.68, -27.59, -108.70, 0.75, -0.93, -0.11
3.77, 6.71, -2.32, 7.76, -15.83, -127.24, 1.76, 0.38, 0.67
0.90, 7.11, -0.59, 5.22, -10.32, -131.88, -1.46, 0.32, 0.08
3.66, 7.94, 0.36, 8.23, -16.91, -123.40, -1.53, 0.69, -0.20
1.21, 9.43, -1.41, 9.73, -23.28, -110.83, -0.87, -0.62, -0.13
3.77, 13.70, -3.88, 6.49, -25.48, -114.56, 1.66, -1.68, 0.72
-0.15, 7.15, -0.23, -9.41, -15.30, -123.41, -0.39, -1.85, 0.51
-8.24, 14.89, -5.69, -11.58, -18.31, -120.89, -1.84, 0.19, 0.26
0.92, 8.96, -0.13, -15.54, -22.26, -106.59, -0.97, -0.07, -0.19
3.71, 14.66, 8.76, -8.77, -29.35, -89.62, 1.27, -2.89, -0.59
2.60, 6.22, -3.47, -6.80, -29.41, -98.26, 1.69, -0.54, 0.51
1.37, 6.13, -4.23, -11.39, -25.46, -102.76, -1.76, 1.34, 0.44
2.48, 7.65, 0.16, -12.45, -22.87, -89.02, -1.69, -0.49, -0.30
2.64, 10.30, 1.98, -7.10, -19.58, -76.07, -0.71, -0.85, -0.45
2.18, 11.63, -2.05, 12.45, -30.42, -81.37, 2.15, -0.12, 0.59
1.93, 10.24, 1.15, 1.29, -30.12, -97.35, 0.72, -0.31, 0.74
2.61, 9.80, -0.57, -3.83, -26.66, -98.17, -1.54, 1.01, 0.65
0.32, 9.70, -0.49, -4.09, -22.73, -83.56, -1.33, 0.44, -0.56
7.17, 14.12, 3.63, 4.57, -24.64, -78.43, 0.71, -2.15, -0.32
5.46, 4.81, -1.94, -4.68, -26.69, -99.50, 1.79, 1.10, 0.67
4.43, 12.51, 6.69, -4.90, -26.07, -103.33, -0.38, 1.55, -0.55
1.21, 9.06, -0.28, -4.85, -23.49, -87.80, -1.62, 0.01, -0.16
1.74, 10.55, 1.95, -0.61, -21.16, -75.69, -0.31, -0.60, -0.40
4.24, 9.93, -4.27, 2.66, -31.48, -93.16, 2.95, 0.43, 1.41
1.51, 10.20, 12.53, -7.19, -26.92, -108.83, 1.57, 0.98, -0.67
-0.80, 7.70, 0.42, -7.25, -25.12, -102.94, -0.81, 1.97, -0.33
2.62, 8.63, 0.34, -4.00, -25.74, -88.82, -1.25, 0.62, -0.33
4.51, 4.11, -3.27, 1.26, -30.59, -105.31, 0.67, -0.99, 0.20
6.56, 8.06, -4.39, -0.16, -29.23, -106.61, -2.64, -2.67, 0.50
0.77, 9.26, -0.87, -4.18, -25.53, -90.15, -1.66, -0.02, -0.46
-1.61, 12.32, -0.80, 0.57, -21.32, -74.66, -0.38, -0.42, -0.54
2.76, 9.39, -3.39, 3.04, -31.07, -94.48, 2.51, 0.42, 1.16
1.04, 6.49, 14.81, -3.52, -28.28, -108.54, 0.63, 1.15, -0.22
-0.74, 9.63, -1.16, -5.28, -26.10, -97.46, -1.44, 0.30, -0.39
3.56, 9.43, -1.40, -3.99, -24.48, -84.58, -1.07, 0.16, -0.32
0.14, 15.61, -1.96, 3.10, -25.84, -81.41, 0.65, -2.95, 0.19
4.40, 4.63, -3.07, -2.22, -28.90, -105.66, 1.11, -0.94, 0.03
9.21, 6.58, 3.92, -1.94, -28.40, -108.02, -0.38, 2.83, 0.13
1.18, 10.07, -2.02, -5.60, -25.12, -90.50, -1.40, 0.20, -0.29
3.41, 9.23, 3.27, -1.67, -22.89, -79.76, 0.25, -0.26, -0.28
2.53, 7.72, -3.54, 5.99, -33.43, -95.00, 1.44, -0.33, 0.81
2.21, 5.88, 9.84, 0.95, -31.83, -106.01, 0.47, -0.39, 0.10
3.06, 8.52, 0.71, -4.97, -26.40, -98.30, -0.78, -0.21, -0.06
1.23, 9.78, 0.27, -2.18, -25.05, -84.65, -0.57, -0.73, -0.30
3.29, 8.42, -3.74, 8.16, -23.91, -77.04, -0.55, -2.94, -0.09
1.41, 9.23, 0.03, 28.76, -22.92, -78.41, -0.37, -2.34, -0.30
2.70, 8.40, 0.22, 40.46, -18.85, -87.87, -0.35, -1.46, -0.63
1.21, 9.17, -1.15, 45.18, -15.84, -91.87, -1.01, -0.14, -0.08
3.63, 8.91, -1.25, 45.50, -14.16, -85.24, 0.12, 0.34, 0.07
3.61, 9.02, -1.33, 44.86, -15.43, -83.35, -0.19, -0.08, 0.10
2.93, 9.05, -1.03, 44.12, -16.97, -83.29, -0.01, 0.35, 0.07
