1660, -0.07, 8.18, -5.59, -10.25, -6.84, -64.50, -0.03, -0.00, -0.06
1904, 0.15, 8.14, -5.69, -9.57, -7.13, -64.22, 0.01, 0.04, -0.04
2150, 0.00, 8.15, -5.68, -9.60, -7.09, -64.16, -0.00, -0.01, -0.01
2396, 0.15, 8.12, -5.64, -9.65, -6.91, -63.97, -0.00, 0.00, -0.03
2643, -0.07, 8.19, -5.59, -9.94, -6.80, -64.59, 0.01, 0.03, -0.05
2889, -0.11, 8.31, -5.66, -10.03, -7.13, -64.62, 0.02, 0.05, -0.04
3135, 0.59, 8.79, -3.15, -13.93, -12.86, -72.86, -0.16, -0.09, 0.05
3508, -0.39, 8.60, -1.75, -12.74, -9.98, -68.06, -0.51, -1.00, 0.02
3919, -2.15, 13.74, -9.41, -5.88, -15.35, -68.68, 0.68, 0.27, 1.46
4167, 4.22, 4.02, -4.52, -18.49, -15.77, -85.44, -1.43, 0.62, -0.23
4413, 0.28, 4.73, -1.39, -19.96, -15.89, -89.89, -1.39, -0.74, -0.47
4661, -1.93, 8.66, -6.25, -16.16, -14.00, -77.08, -1.68, -1.02, -0.46
4907, -1.98, 9.53, -2.93, -6.47, -8.56, -63.18, -0.26, -0.95, -0.18
5152, -0.78, 9.38, -4.92, -7.72, -16.14, -71.05, 1.39, 0.44, 0.68
5400, -1.15, 10.58, -0.83, -19.13, -14.24, -82.34, 0.81, 0.15, 0.63
5654, -3.06, 8.89, -3.47, -19.86, -13.75, -79.73, -1.61, -1.19, 0.04
5900, -1.03, 8.15, -4.14, -12.63, -7.98, -65.61, -1.34, -0.85, -0.69
6148, -3.25, 11.39, 1.63, -4.02, -13.01, -64.73, 1.85, -1.61, 0.47
6393, 1.65, 5.88, -4.95, -16.75, -15.81, -82.90, 1.30, 1.99, 0.48
6639, 0.74, 6.29, 3.51, -19.50, -15.23, -90.72, 0.68, -1.18, -0.21
6887, 0.80, 9.36, -2.07, -16.19, -15.07, -80.12, -1.53, -1.28, -0.54
7133, -1.04, 9.86, -1.86, -7.12, -10.22, -67.14, -0.82, -0.54, -0.61
7389, -0.09, 12.97, -8.12, -3.86, -14.64, -71.38, 1.77, 1.79, 1.39
7634, -1.39, 7.69, -2.12, -19.79, -14.15, -89.68, -0.28, 0.24, 0.66
7880, 0.04, 9.54, -3.93, -24.12, -13.78, -90.79, -1.68, -0.26, 0.08
8128, -1.90, 8.51, -3.98, -17.41, -11.03, -70.05, -0.88, -0.28, -0.55
8374, -0.47, 11.98, 3.48, -10.25, -12.93, -65.76, 1.27, 0.06, -0.30
8620, 1.90, 7.39, -4.54, -19.69, -15.49, -78.57, 1.76, 1.69, 0.63
8867, 0.49, 10.25, 2.72, -25.12, -14.72, -91.25, 0.24, 0.08, -0.44
9113, -2.01, 8.49, -2.66, -21.65, -14.67, -81.57, -1.37, -0.77, -0.38
9367, -0.50, 10.16, -0.04, -12.19, -10.49, -66.16, -0.65, -0.61, -0.34
9613, -1.19, 11.51, -4.87, -10.52, -15.70, -70.17, 2.13, 1.93, 1.23
9861, -3.67, 8.54, -2.50, -23.41, -13.65, -85.55, -0.22, 1.41, 0.52
10106, -3.13, 12.25, -4.29, -23.87, -14.76, -93.91, -1.64, -0.34, 0.35
10354, -2.31, 9.06, -2.31, -17.35, -13.61, -74.98, -1.56, -0.71, -0.67
10600, -4.53, 17.23, -5.16, -8.11, -12.10, -64.92, -0.70, -0.87, -0.30
10846, 0.29, 9.19, -4.34, -13.26, -16.69, -75.61, 2.20, 1.67, 1.07
11102, 3.56, 9.77, 3.33, -21.84, -16.38, -92.24, 0.47, 0.72, -0.49
11347, -3.62, 9.84, -3.13, -22.55, -14.26, -83.70, -0.57, 0.06, -0.64
11593, -0.46, 9.29, -3.16, -11.50, -10.98, -66.87, -1.52, -0.94, -0.70
11841, 0.89, 10.67, -0.87, 1.99, -9.72, -58.68, 0.94, -1.93, 0.80
12087, 2.60, 8.35, -4.31, -5.98, -16.94, -69.07, 1.40, 1.67, 0.76
12333, -0.06, 6.70, 1.11, -14.63, -17.79, -79.54, 0.74, 0.03, -0.28
12580, 0.12, 9.66, -1.70, -11.88, -16.92, -72.74, -1.03, -0.82, -0.66
12832, -4.06, 9.38, -2.21, -0.26, -10.80, -60.41, -1.19, -0.32, -0.62
13080, 2.80, 10.23, -3.23, 5.63, -14.03, -61.24, 1.38, 0.54, 0.44
13326, -1.11, 6.27, -2.19, -6.36, -19.31, -72.64, 0.06, 1.26, 0.24
13572, -0.44, 6.11, -8.28, -8.40, -21.21, -76.64, -1.16, -0.73, -0.94
13819, -2.20, 8.82, -3.93, -2.78, -12.45, -63.64, -1.96, -0.55, -0.68
14065, -0.18, 8.79, -1.51, 1.67, -9.37, -59.51, 0.18, 0.10, -0.17
14311, 1.38, 9.94, -3.30, 1.74, -17.77, -70.90, 1.84, 0.91, 0.52
14559, -5.81, 10.56, 2.00, -6.42, -21.79, -79.55, 1.70, 1.97, 0.21
14813, -1.88, 9.28, -2.21, -4.87, -22.46, -77.49, -1.07, -0.74, -0.47
15058, -1.02, 9.08, -2.57, 4.28, -13.12, -63.87, -0.97, -0.35, -0.80
15306, -5.82, 18.15, 0.98, 13.21, -10.13, -59.53, 0.46, 0.05, -0.29
15552, 1.20, 8.82, -6.66, 0.12, -18.01, -69.15, 1.29, 2.06, 0.84
15798, -3.81, 7.90, 3.92, -13.29, -17.52, -77.38, 0.72, 0.61, 0.19
16046, -4.62, 9.27, -4.11, -14.22, -18.85, -78.68, -0.38, -0.09, -0.10
16291, -0.67, 9.55, -2.48, -7.56, -15.87, -68.68, -1.13, 0.08, -0.89
16545, -1.70, 11.43, -2.26, -0.23, -18.72, -66.84, 0.79, -1.25, 0.23
16791, 1.46, 8.33, -3.25, -12.19, -20.07, -77.43, 0.73, 1.69, 0.46
17039, -1.35, 10.15, 1.67, -22.76, -17.64, -91.29, 0.38, 1.79, -0.14
17285, -3.03, 9.34, -3.34, -21.91, -18.59, -91.60, -0.56, 0.30, -0.43
17532, -0.37, 9.19, -2.10, -15.62, -20.08, -81.31, -0.73, 0.27, -0.80
17778, -2.31, 9.04, -2.46, -7.51, -23.56, -80.18, 0.50, -0.35, 0.05
18024, 1.35, 8.73, -3.90, -16.79, -21.03, -93.41, 0.69, 1.88, 0.51
18270, 0.60, 8.91, 2.25, -18.90, -17.49, -111.27, 0.59, 1.89, -0.04
18530, -3.32, 8.85, -2.73, -17.25, -19.95, -104.81, -0.76, -0.05, -0.48
18778, -0.51, 10.01, -0.63, -12.00, -23.43, -97.37, -0.77, 0.35, -0.84
19023, -3.53, 11.71, -9.21, -9.00, -25.86, -97.50, 0.82, 1.33, 1.10
19271, 2.00, 6.20, -2.98, -9.92, -19.12, -118.34, -0.80, -0.01, 0.42
19517, 3.16, 5.10, -3.09, -4.00, -18.05, -124.31, -2.15, -2.88, -0.41
19765, -1.07, 9.44, -2.24, -6.01, -23.30, -113.71, -0.78, -0.08, -0.64
20011, -2.03, 10.33, 1.51, 3.64, -28.71, -102.66, -0.79, 0.24, -1.02
20264, -0.22, 9.77, -5.47, 2.81, -25.75, -113.53, 1.63, 2.60, 0.98
20510, -4.67, 7.77, 5.90, 6.07, -18.02, -123.75, 1.11, 3.06, 0.16
20758, -1.96, 9.21, -1.52, 10.45, -20.61, -120.93, -0.63, 0.17, -0.37
21004, -0.55, 9.74, -2.18, 15.10, -25.40, -110.10, -1.08, 0.39, -0.68
21252, -0.38, 12.99, 1.24, 23.55, -28.25, -100.32, 0.46, 0.48, -0.35
21497, -1.41, 8.04, -5.91, 18.05, -26.13, -112.38, 1.47, 2.24, 1.06
21743, -4.68, 7.90, 6.84, 15.61, -21.89, -115.86, 0.93, 1.67, 0.03
21999, -3.77, 8.76, -2.47, 18.11, -24.60, -111.34, -0.83, -0.41, -0.26
22245, -0.46, 9.64, -2.33, 19.99, -26.05, -102.37, -0.84, 0.06, -0.64
22493, -1.20, 11.73, 0.57, 28.71, -26.40, -94.12, -0.33, 0.22, -0.46
22738, -0.89, 10.09, -5.44, 21.13, -26.92, -107.38, 1.83, 1.15, 1.37
22986, -2.96, 7.93, 7.66, 16.49, -22.52, -114.47, 0.73, 2.29, -0.33
23232, -2.07, 9.10, -3.05, 21.34, -26.13, -104.55, -1.47, -0.11, -0.53
23480, 0.89, 10.18, -3.68, 27.83, -23.91, -91.46, -1.48, -0.30, -1.01
23726, -1.97, 13.36, -9.84, 30.49, -25.96, -97.90, 0.73, -0.97, 1.28
23980, 3.02, 6.46, -2.10, 19.22, -25.49, -108.68, 0.75, 0.80, 0.67
24225, 6.73, 6.82, -1.31, 20.71, -23.66, -111.66, -2.09, -2.20, -0.49
24473, -2.02, 9.08, -2.88, 20.49, -25.20, -99.52, -2.11, -2.02, -0.68
24719, -2.82, 11.21, -0.22, 29.25, -23.33, -87.52, 0.00, -0.61, -0.25
24965, 1.02, 10.02, -5.49, 22.62, -27.23, -103.79, 1.89, 1.33, 1.02
25212, -5.72, 8.00, 2.28, 17.39, -23.52, -112.58, 0.66, 1.77, 0.07
25458, -1.01, 10.38, -2.77, 20.52, -25.05, -109.30, -0.69, 0.19, -0.42
25714, -1.15, 9.71, -2.42, 24.10, -25.27, -96.89, -1.16, -0.48, -0.70
25960, -0.21, 11.65, 2.97, 32.29, -26.38, -95.13, 1.37, -1.21, 0.24
26208, 2.84, 7.46, -4.26, 22.05, -25.59, -108.96, 1.65, 2.50, 0.43
26454, -0.69, 7.34, 4.25, 18.30, -22.60, -112.47, 0.35, 0.78, -0.26
26699, -0.24, 9.20, -1.39, 19.56, -25.05, -104.75, -1.22, -0.22, -0.57
26947, -1.71, 11.13, -0.13, 26.25, -25.12, -95.07, -0.60, 0.07, -0.53
27193, -1.70, 11.44, -5.61, 23.02, -26.94, -107.72, 2.18, 1.53, 1.52
27447, -1.38, 10.58, 0.06, 19.19, -23.59, -115.10, 1.33, 0.70, 0.92
27693, -5.51, 9.79, -2.61, 21.54, -23.76, -115.13, -0.25, -0.07, 0.34
27940, -1.97, 8.91, -2.73, 22.23, -25.84, -105.09, -1.25, -0.93, -0.47
28186, -4.64, 16.26, 0.39, 28.76, -27.68, -100.98, 0.08, -0.27, -0.09
28434, -0.41, 8.72, -5.51, 27.13, -28.31, -116.97, 1.49, 1.30, 0.98
28680, -1.32, 11.88, 5.49, 30.90, -27.67, -115.80, 0.21, 1.34, -0.60
28928, -2.53, 9.25, -2.82, 30.46, -28.35, -97.31, -1.26, -0.25, -0.43
29188, -0.52, 10.34, -2.39, 27.71, -17.25, -84.30, -1.12, -0.18, -0.85
29440, -0.92, 11.80, -9.11, 19.69, -19.26, -97.92, 0.66, -0.45, 1.12
29691, 2.40, 5.50, -2.41, 16.12, -21.25, -110.63, -0.43, 0.51, 0.37
29943, -4.35, 6.52, -3.88, 19.04, -22.05, -112.98, -0.12, -0.56, 0.18
30195, -2.00, 9.00, -2.67, 19.35, -23.69, -101.94, -1.72, -1.21, -0.64
30447, -7.47, 14.59, -1.76, 28.82, -23.66, -93.34, -0.50, -0.85, -0.26
30699, -0.58, 7.52, -6.45, 19.34, -24.95, -108.75, 1.50, 1.20, 1.28
30951, -1.89, 8.95, 3.29, 17.17, -21.76, -112.60, 0.46, 0.62, -0.40
31211, -2.28, 9.10, -2.54, 18.66, -24.19, -109.15, -1.14, 0.02, -0.54
31457, -0.09, 9.94, -2.84, 24.23, -23.63, -98.51, -1.13, -0.18, -0.91
31703, -3.05, 12.28, -8.62, 28.66, -25.21, -100.61, 0.37, -0.99, 1.37
31948, 3.11, 4.85, -2.54, 21.73, -22.99, -108.92, 0.01, 0.93, 0.16
32196, 11.88, 7.66, -0.81, 23.95, -21.88, -108.59, -1.14, -1.07, -0.63
32442, -1.88, 9.10, -1.46, 23.85, -23.06, -99.40, -1.41, -0.74, -0.67
32688, -2.85, 12.15, 1.69, 31.75, -21.12, -91.65, 0.03, 0.05, -0.58
32944, -2.15, 8.74, -5.02, 27.19, -24.51, -100.22, 1.27, 2.13, 1.18
33189, -2.77, 9.59, 9.13, 22.19, -23.12, -94.40, 1.03, 3.42, -0.51
33441, -0.53, 9.78, -2.82, 24.63, -21.65, -88.37, -1.02, 0.10, -0.47
33689, 0.66, 9.20, -2.69, 28.09, -15.81, -78.35, -1.66, -0.41, -1.01
33935, -0.38, 13.13, 1.10, 33.66, -16.54, -75.26, 2.48, 0.46, 0.04
34181, 1.96, 5.73, -4.68, 15.76, -23.28, -80.61, 0.37, 2.53, 0.21
34428, -2.05, 4.19, -2.69, 5.04, -23.81, -81.99, -1.55, 0.16, 0.25
34682, 0.31, 9.63, -0.73, 5.42, -19.53, -72.99, -1.21, 0.22, -0.40
34928, -1.29, 10.33, -1.42, 13.58, -10.42, -62.60, -1.35, -0.34, -0.93
35176, -0.89, 11.17, -5.35, 12.91, -17.33, -67.61, 2.34, 1.74, 1.35
35422, -0.03, 10.94, -0.71, -4.60, -20.48, -78.87, 1.21, 0.62, 0.63
35670, -7.35, 9.38, -6.01, -8.46, -20.01, -81.01, -0.21, -0.58, 0.72
35915, -1.05, 9.17, -1.83, -4.19, -15.51, -70.90, -1.13, 0.20, -0.61
36163, -6.47, 17.24, 1.04, 2.79, -13.46, -65.20, 1.04, -0.06, 0.18
36409, 0.47, 8.42, -4.16, -8.01, -19.04, -77.39, 1.12, 2.20, 0.90
36665, -0.88, 9.12, 4.10, -19.88, -16.09, -89.73, 0.28, 1.05, -0.09
36913, -2.99, 8.55, -2.82, -17.47, -15.99, -82.96, -1.12, -0.46, -0.41
37158, -1.31, 10.03, -2.02, -9.56, -13.11, -71.08, -1.08, -0.12, -0.99
37406, 0.29, 13.99, -11.11, -4.50, -16.98, -72.30, 0.54, -0.09, 1.60
37654, 4.66, 7.61, 0.25, -21.06, -14.83, -91.38, -0.52, 1.02, -0.01
37900, 8.51, 4.65, -1.92, -21.59, -14.47, -101.94, -1.54, -2.70, -0.11
38148, -1.93, 9.06, -2.66, -21.28, -15.04, -89.04, -1.27, -0.83, -0.66
38402, -7.23, 9.56, -3.10, -12.93, -17.42, -78.79, -0.95, -0.83, -0.56
38649, -3.13, 9.84, -5.46, -18.42, -18.90, -87.94, 1.26, 1.56, 1.14
39151, -2.27, 9.06, -2.90, -21.86, -13.42, -110.38, -0.73, -0.57, -0.31
39469, -2.33, 9.92, -2.18, -15.71, -19.67, -96.16, -1.17, -0.02, -0.85
39839, 1.52, 8.09, -4.43, -15.90, -16.78, -110.38, 1.20, 1.37, 0.84
40179, 9.15, 5.18, -1.96, -10.76, -10.36, -123.66, -1.46, -2.16, -0.20
40427, -2.60, 8.89, -1.37, -14.41, -15.70, -111.20, -1.25, -1.11, -0.30
40683, -3.10, 10.90, 3.18, -14.48, -18.17, -102.81, 0.15, -0.55, -0.28
40929, 1.90, 9.50, -2.92, -20.97, -14.28, -108.21, 1.64, -0.97, 0.65
41177, -5.79, 9.47, 9.99, -28.31, -7.82, -107.86, 0.96, 1.00, -0.77
41422, -2.97, 8.99, -2.93, -28.72, -10.32, -103.61, -0.83, -0.80, -0.35
41670, -1.26, 9.04, -2.64, -25.46, -13.26, -83.82, -1.06, -1.43, -0.46
41918, 3.25, 9.76, -5.78, -15.92, -18.97, -77.04, 1.00, -2.74, 0.74
42164, 0.28, 6.81, -1.89, -23.41, -14.92, -83.92, -0.23, 0.65, 0.48
42412, 10.19, 9.29, -6.26, -26.26, -13.78, -97.37, -1.37, -0.38, -0.76
42655, -2.61, 8.93, -2.90, -22.77, -13.65, -80.31, -1.64, -1.33, -0.76
42901, -6.32, 9.93, -0.74, -11.98, -14.25, -68.42, 0.09, -0.96, -0.14
43149, 0.97, 8.81, -3.95, -13.87, -18.63, -78.41, 1.61, 0.33, 1.18
43395, -2.83, 9.83, 8.19, -22.43, -15.90, -90.46, 0.78, 1.50, -0.46
43642, -2.63, 8.93, -2.72, -20.52, -16.34, -85.09, -1.20, -0.77, -0.32
43890, -2.18, 10.45, 0.49, -12.66, -13.67, -70.71, -0.11, 0.07, -0.35
44136, -2.78, 12.91, -6.10, -6.91, -18.02, -71.40, 0.89, -0.80, 1.00
44390, 2.59, 5.13, -1.67, -17.87, -18.49, -84.96, -0.68, 0.05, 0.19
44638, -1.62, 6.15, -5.57, -18.87, -18.17, -86.79, -1.00, -1.95, 0.20
44883, -2.96, 8.53, -3.17, -13.69, -14.92, -72.54, -1.35, -1.40, -0.39
45131, -5.48, 10.08, 3.42, -2.79, -11.82, -63.39, 0.32, -0.77, -0.19
45379, -0.36, 7.88, -5.46, -6.85, -20.52, -75.18, 1.58, 0.66, 0.92
45625, -0.42, 12.68, 5.35, -16.91, -19.50, -86.14, 0.47, 0.77, -0.60
45873, -1.59, 9.05, -2.40, -13.61, -18.78, -78.47, -0.98, -0.34, -0.39
46127, -0.72, 10.08, -0.98, -5.52, -13.90, -66.28, -0.68, -0.18, -0.52
46374, -1.31, 11.50, -2.83, 4.12, -15.71, -63.15, 1.05, -1.81, 0.71
46622, 3.15, 4.78, -4.24, -7.67, -22.58, -80.30, 0.96, 1.32, 0.08
46868, 7.38, 6.73, -1.52, -11.17, -22.01, -85.15, -1.62, -1.45, -0.22
47116, -2.25, 9.39, -1.90, -5.64, -16.91, -69.94, -1.39, -1.74, -0.52
47362, 0.57, 9.85, 0.74, 3.86, -12.01, -61.71, -0.41, -0.24, -0.57
47609, 0.74, 10.26, -4.38, 3.49, -20.72, -70.46, 1.42, 1.61, 0.99
47863, -3.21, 8.65, 8.32, -11.03, -20.49, -81.45, 1.54, 2.70, -0.17
48109, -0.12, 9.42, -0.93, -8.84, -21.37, -78.95, -0.90, 0.02, -0.65
48357, -1.41, 9.85, -1.87, -0.39, -14.59, -65.71, -0.97, -0.17, -0.67
48603, -1.65, 12.97, 1.34, 7.29, -17.74, -65.54, 1.49, -0.67, 0.22
48852, 2.39, 5.10, -4.05, -9.87, -21.79, -81.00, 0.73, 2.49, 0.20
49102, -3.91, 19.56, 7.61, -15.36, -20.42, -88.22, 1.82, 1.76, -0.25
49348, -0.18, 9.77, -1.21, -12.12, -18.96, -76.78, -1.31, -0.91, -0.50
49596, -2.18, 10.89, -0.25, -3.24, -16.05, -66.28, -0.91, -0.24, -0.91
49852, -3.36, 9.47, -5.34, -10.82, -21.47, -77.76, 1.47, 2.02, 1.76
50098, -5.29, 13.36, -0.92, -22.11, -17.86, -96.52, 0.41, 1.38, 0.79
50345, -3.88, 10.64, -3.87, -21.67, -18.33, -101.43, -0.76, 0.29, 0.10
50593, -0.68, 9.95, -1.09, -16.95, -20.71, -91.64, -0.48, 0.85, -0.44
50839, -6.44, 14.74, 2.82, -10.06, -23.43, -85.09, -0.06, 0.16, -0.36
51087, -0.61, 8.63, -5.32, -15.70, -21.72, -103.76, 1.57, 2.79, 0.83
51335, -2.72, 9.13, 6.42, -13.69, -14.53, -121.46, 1.14, 2.45, -0.04
51589, -0.71, 9.26, -2.57, -11.17, -18.40, -116.52, -0.97, -0.64, -0.36
51834, -0.12, 9.40, -1.67, -6.34, -24.98, -105.67, -0.83, 0.34, -0.74
52082, -3.61, 13.09, 3.41, 1.86, -28.88, -106.39, 1.33, -0.06, -0.10
52330, 0.49, 6.72, -4.72, -3.30, -19.95, -121.35, 0.96, 2.23, 0.79
52576, 0.16, 0.91, -2.32, 3.49, -16.14, -126.43, -1.76, -1.01, 0.06
52824, -1.61, 9.39, -1.41, 2.10, -21.66, -118.63, -1.14, -0.59, -0.41
53069, -1.63, 9.95, -1.15, 7.45, -26.43, -108.87, -0.98, -0.73, -0.68
53325, -3.89, 13.17, -7.74, 9.87, -27.05, -114.83, 1.64, 2.41, 1.15
53573, -1.53, 9.67, -2.12, 10.99, -21.43, -120.40, 0.29, 0.30, 0.77
53819, -11.13, 8.70, -9.42, 12.42, -21.41, -120.08, -0.95, -1.89, 0.52
54067, -1.97, 9.10, -2.23, 13.91, -25.14, -111.71, -1.07, -0.19, -0.74
54315, -8.55, 15.25, -0.45, 23.93, -26.91, -102.00, -0.29, 0.23, -0.41
54560, 0.10, 8.25, -4.50, 19.89, -25.80, -111.37, 1.32, 1.40, 0.74
54808, -1.47, 8.42, 5.69, 16.38, -22.86, -116.14, 0.64, 1.55, -0.23
55054, -1.66, 9.42, -3.38, 17.33, -25.45, -111.39, -1.01, -0.92, -0.35
55310, -0.55, 9.33, -1.08, 21.81, -26.91, -101.87, -0.70, -0.24, -0.85
55556, -0.55, 13.46, -8.06, 27.49, -27.30, -100.79, 0.28, -0.94, 0.72
55803, 2.06, 5.49, -3.89, 18.74, -25.55, -111.60, 0.49, 0.80, 0.65
56049, 11.41, 4.47, -1.07, 19.15, -24.73, -114.25, -1.03, -1.25, -0.51
56297, -1.79, 9.37, -2.12, 17.92, -26.32, -107.54, -1.38, -1.00, -0.89
56545, -1.39, 9.28, -0.94, 25.75, -25.93, -98.13, -0.73, 0.04, -0.94
56791, 0.67, 10.61, -4.48, 25.36, -26.75, -105.20, 1.54, 1.07, 0.96
57047, -6.74, 12.59, 2.51, 18.80, -24.42, -109.21, 1.83, 3.59, 0.23
57294, -2.88, 8.49, -3.54, 20.08, -25.07, -109.08, -0.58, 0.77, -0.07
57540, -1.15, 9.30, -1.90, 23.53, -25.50, -99.68, -1.01, -0.68, -0.60
57788, -3.82, 13.27, 5.86, 30.81, -25.86, -100.37, 0.99, -1.20, 0.24
58034, 0.65, 7.86, -5.30, 20.46, -25.90, -110.60, 1.27, 2.05, 0.82
58281, -0.34, 4.09, -0.98, 18.63, -22.23, -114.70, -0.81, 0.08, -0.14
58527, -1.38, 8.30, -3.08, 18.82, -24.20, -107.06, -0.98, -0.37, -0.32
58781, -0.63, 10.73, -1.10, 25.56, -24.52, -96.14, -1.15, -0.63, -0.84
59029, -2.92, 13.66, -11.40, 26.28, -26.38, -104.19, 0.32, -1.53, 1.36
59289, 4.48, 8.03, -1.23, 20.64, -24.51, -111.55, -0.38, 0.43, 0.27
59539, -0.24, 7.60, -9.47, 20.87, -23.33, -115.76, -1.47, -2.18, -0.32
59785, -1.94, 8.87, -3.13, 20.42, -23.69, -108.08, -0.98, -0.37, -0.55
60033, -2.50, 8.86, -1.55, 27.57, -26.13, -99.77, -0.52, -0.62, -0.53
60278, 1.18, 10.27, -3.64, 26.02, -26.56, -109.53, 1.62, 0.78, 1.09
60534, -3.17, 10.04, 6.82, 21.05, -23.30, -117.22, 1.32, 2.47, -0.27
60780, -4.83, 10.03, -2.27, 25.65, -26.37, -115.36, -0.73, -0.44, 0.04
61028, -0.84, 9.35, -2.63, 29.80, -29.99, -107.50, -0.72, -0.03, -0.51
61274, 5.50, 11.34, 1.70, 39.65, -28.18, -98.92, 0.47, -0.65, -0.29
61521, -0.16, 7.72, -3.92, 17.11, -21.29, -101.94, 0.77, 0.71, 0.77
61767, -1.48, 7.58, 1.60, 11.63, -18.96, -109.97, 0.21, 0.43, -0.05
62013, -0.53, 9.22, -2.65, 14.63, -20.07, -105.36, -1.20, -0.08, -0.44
62261, -0.55, 9.89, -2.47, 20.83, -21.65, -97.76, -1.02, -0.38, -0.81
62515, -0.21, 12.25, -9.47, 24.39, -24.55, -102.18, 0.83, -0.18, 1.26
62760, 2.43, 8.84, -0.02, 18.58, -22.07, -111.59, 0.95, 0.02, 0.91
63008, 9.32, 5.09, -1.63, 19.96, -20.83, -111.77, -1.85, -2.14, -0.42
63254, -2.53, 9.24, -2.67, 17.89, -22.20, -105.12, -1.30, -1.60, -0.43
63502, -2.42, 10.28, -0.59, 26.18, -23.81, -94.87, -1.15, -0.71, -0.51
63752, 0.73, 11.06, -5.02, 21.67, -25.45, -107.66, 1.73, 1.15, 1.30
64002, -5.87, 9.60, 3.68, 18.21, -21.44, -112.16, 1.18, 1.88, 0.41
64256, -1.77, 8.64, -1.68, 20.56, -21.66, -111.21, -0.70, -0.08, -0.44
64503, -1.29, 9.51, -1.48, 23.62, -22.77, -103.17, -0.88, 0.06, -0.68
64751, 0.03, 12.01, 5.02, 33.78, -22.43, -96.13, 1.65, 0.54, -0.13
64997, 0.21, 7.64, -5.11, 24.90, -23.91, -103.81, 0.87, 2.55, 0.74
65245, -0.28, 1.50, -2.53, 23.02, -22.92, -100.80, -1.21, 0.46, 0.20
65490, -3.64, 8.09, -1.15, 24.80, -23.38, -95.31, -0.85, -0.01, -0.26
65738, -1.48, 10.38, -0.75, 30.23, -19.12, -86.28, -0.91, 0.12, -0.79
65992, -4.14, 11.08, -6.08, 35.50, -19.42, -88.25, 0.22, -1.21, 0.97
66238, 3.71, 6.60, -1.72, 21.25, -22.65, -86.16, -0.62, 1.12, 0.37
66486, 2.83, 14.53, 5.57, 14.81, -24.90, -85.84, 0.67, 1.66, -0.36
66732, 0.06, 9.60, -1.73, 16.60, -18.93, -76.76, -1.42, -0.73, -0.47
66979, -1.35, 9.54, -0.83, 21.98, -12.80, -67.85, -0.60, 0.03, -0.57
67225, -2.53, 12.09, -3.60, 18.90, -18.40, -71.35, 1.62, 1.88, 0.86
67473, -2.75, 9.28, -3.00, 2.69, -21.24, -77.58, 0.68, 0.39, 0.78
67719, -0.95, 10.84, -2.66, -2.12, -21.95, -78.91, -0.88, -0.92, 0.33
67975, -1.24, 9.31, -1.99, 2.35, -15.83, -70.18, -0.87, 0.29, -0.40
68222, -2.42, 10.53, 2.96, 8.37, -12.96, -63.67, 0.26, 0.50, -0.60
68468, -1.11, 9.66, -6.00, -0.42, -20.75, -74.22, 1.19, 2.47, 1.04
68716, -2.81, 9.81, 6.71, -15.26, -17.45, -83.59, 1.16, 3.19, -0.09
68962, 0.89, 9.95, -0.16, -16.09, -17.13, -82.30, -0.61, -0.01, -0.10
69210, -0.39, 9.54, -1.98, -10.36, -13.24, -72.84, -1.26, 0.06, -0.75
69455, 0.98, 13.26, 2.57, -2.62, -11.21, -64.40, 0.26, 0.68, -0.49
69709, -1.03, 8.81, -6.26, -12.69, -16.34, -77.97, 1.72, 1.84, 1.02
69957, -5.56, 7.71, 4.06, -25.07, -11.34, -94.26, 0.43, 2.02, 0.00
70203, -2.18, 9.38, -2.65, -22.57, -12.51, -91.36, -0.98, -0.41, -0.42
70451, -0.95, 9.77, -1.59, -17.17, -12.89, -79.70, -0.91, -0.12, -0.69
70699, -4.55, 12.06, 2.14, -9.82, -16.11, -74.89, 0.49, 0.41, -0.09
70944, 0.21, 6.33, -5.57, -22.32, -15.00, -90.91, 1.32, 1.57, 0.62
71192, -4.83, 19.60, 7.77, -23.63, -12.98, -105.39, 1.17, 0.88, -0.13
71446, -0.87, 9.53, -0.70, -23.34, -15.30, -96.38, -1.14, -0.48, -0.42
71694, -0.41, 9.84, -1.28, -16.63, -18.69, -87.18, -0.95, -0.11, -0.91
71942, 0.70, 12.03, -7.90, -12.16, -22.52, -89.05, 1.27, 2.37, 0.76
72187, 3.07, 5.95, -3.39, -19.20, -14.62, -110.07, -0.72, 0.53, 0.26
72435, -5.62, 10.39, -4.43, -13.88, -13.23, -118.63, -0.18, -0.25, 0.68
72681, -1.06, 9.32, -2.55, -13.11, -19.26, -107.25, -1.25, -0.12, -0.48
72929, -2.98, 9.63, -3.95, -6.24, -24.33, -96.84, -1.13, -0.88, -0.49
73183, -0.11, 10.24, -4.75, -10.99, -20.78, -105.96, 1.58, 0.41, 1.74
73431, -6.40, 7.71, 6.08, -18.65, -9.51, -116.18, 1.11, 1.37, 0.68
73676, -3.84, 8.05, -1.66, -17.10, -11.65, -116.38, -0.74, -0.21, -0.18
73924, -0.10, 9.05, -2.93, -18.71, -17.55, -102.06, -0.79, -0.79, -0.23
74172, 0.96, 11.59, 0.35, -16.98, -20.36, -94.33, 1.26, -3.66, 0.80
74418, 1.48, 4.46, -2.58, -28.43, -12.10, -97.81, -0.18, -0.11, 0.31
74665, 0.68, 11.74, 2.82, -29.48, -12.09, -101.13, -0.84, 0.52, -0.25
74911, -1.46, 9.22, -0.89, -28.47, -11.43, -84.87, -1.11, -1.45, -0.26
75167, -1.17, 9.83, -0.70, -19.99, -12.06, -71.76, -0.58, -0.92, -0.43
75415, -0.87, 11.08, -5.09, -14.18, -15.52, -71.70, 1.87, 1.15, 1.09
75661, -2.37, 9.78, -0.83, -23.95, -14.47, -88.35, 1.09, -0.42, 0.86
75909, -3.80, 7.87, -8.36, -21.98, -16.72, -91.01, -1.24, -2.72, 0.24
76154, -2.27, 8.77, -2.48, -19.75, -13.90, -76.95, -1.25, -0.67, -0.59
76402, -1.54, 11.00, 2.69, -9.16, -14.25, -67.39, 0.16, -0.57, -0.32
76650, -0.90, 8.87, -5.24, -10.23, -19.75, -76.94, 1.30, 1.69, 0.88
76904, -2.72, 11.06, 7.17, -22.79, -15.52, -90.02, 1.57, 2.91, -0.23
77150, 1.05, 9.23, -1.93, -21.05, -16.21, -88.88, -0.82, -0.67, -0.24
77398, -0.99, 9.12, -2.64, -15.81, -14.02, -73.62, -1.17, -0.66, -0.59
77643, 0.77, 13.52, 0.12, -5.63, -17.83, -69.61, 2.05, -1.96, 0.46
77891, 3.68, 5.16, -2.36, -15.61, -19.94, -85.44, 0.47, 1.46, -0.08
78137, -6.71, 15.67, 4.90, -19.67, -18.33, -88.73, 1.31, 1.45, -0.50
78385, -1.61, 9.28, -1.22, -14.69, -15.32, -75.87, -1.17, -1.05, -0.37
78645, -2.43, 12.06, 1.11, -1.90, -11.34, -63.24, -0.61, -0.76, -0.59
78893, -0.38, 9.49, -3.95, 3.05, -20.43, -70.77, 1.63, 0.80, 1.27
79138, -4.03, 11.00, 5.22, -13.02, -19.03, -80.36, 1.48, 2.38, -0.12
79386, -2.98, 10.81, -2.51, -10.86, -20.68, -78.91, -1.46, -0.29, 0.04
79634, -1.70, 9.33, -1.51, -5.06, -14.98, -68.24, -1.07, -0.30, -0.47
79880, -0.06, 13.26, 6.32, 5.90, -15.42, -62.72, 1.69, -0.14, 0.02
80128, 0.95, 7.51, -3.72, -2.13, -22.95, -76.34, 1.27, 1.76, 0.60
80373, 0.55, 7.03, 2.71, -10.58, -22.98, -85.53, 0.54, 0.54, -0.22
80627, -0.34, 8.87, -1.43, -6.91, -20.11, -76.13, -1.09, -0.54, -0.29
80875, -1.12, 10.40, -1.73, 3.58, -13.39, -63.49, -1.46, -0.94, -0.87
81123, -3.87, 12.53, -8.55, 10.74, -19.20, -68.17, 1.75, -0.23, 1.86
81369, 0.42, 8.59, -1.77, -6.26, -21.10, -76.83, -0.24, -0.25, 0.90
81616, -6.08, 8.25, -7.03, -9.76, -22.26, -81.57, -0.13, -1.90, 0.46
81862, -1.66, 8.89, -2.16, -4.74, -17.51, -70.49, -1.17, -0.53, -0.63
82110, -6.63, 13.90, -2.47, 4.85, -13.69, -62.47, -0.60, 0.04, -0.57
82366, -1.64, 8.69, -5.83, -5.57, -20.46, -73.21, 1.30, 1.52, 1.10
82612, -3.89, 8.55, 5.79, -19.88, -18.59, -86.70, 0.34, 2.09, -0.35
82857, -2.06, 9.86, -2.83, -18.93, -18.28, -83.31, -0.64, -0.58, -0.53
83105, -0.90, 9.32, -0.87, -12.73, -17.35, -73.38, -1.01, -0.05, -0.78
83353, -3.21, 10.35, -1.27, -5.22, -21.53, -71.85, 1.56, 0.23, 0.08
83599, 3.15, 7.23, -4.88, -20.15, -19.60, -96.35, 1.19, 3.42, 0.39
83847, 1.03, 2.90, -5.36, -17.33, -17.39, -113.49, -2.14, 0.40, -0.38
84101, 1.00, 9.76, -1.78, -16.33, -18.47, -108.18, -1.17, -0.19, -0.17
84346, -0.22, 9.84, -2.00, -10.29, -25.08, -96.58, -0.93, -0.29, -0.65
84594, -1.05, 12.25, -7.74, -7.19, -26.54, -98.79, 1.11, 1.07, 0.89
84840, 2.47, 6.00, -3.08, -11.96, -17.38, -120.11, -0.40, 0.29, 0.61
85088, 6.70, 6.01, -2.49, -3.39, -16.97, -125.09, -1.47, -2.11, -0.59
85334, -0.64, 9.04, -2.09, -4.03, -22.36, -113.72, -1.22, -0.26, -0.63
85581, -7.19, 18.20, 0.00, 6.75, -30.74, -101.15, 0.08, 0.53, -0.44
85827, -1.14, 7.82, -6.40, 1.33, -23.53, -119.16, 1.35, 2.29, 1.07
86071, -1.51, 7.30, 5.70, 5.58, -15.83, -126.47, 0.35, 2.26, -0.37
86317, -3.00, 8.88, -1.21, 8.59, -20.70, -121.28, -0.79, -0.02, -0.29
86564, -0.38, 9.22, -1.91, 11.03, -24.69, -110.35, -0.99, -0.04, -0.63
86812, -4.05, 12.46, 1.17, 17.28, -28.08, -109.44, 1.37, -0.50, 0.22
87058, 1.43, 7.11, -2.12, 14.53, -23.00, -117.79, 0.53, 2.01, 0.44
87304, -0.71, 17.59, 8.18, 19.69, -20.70, -116.53, 0.73, 1.73, -0.86
87552, -1.34, 9.64, -2.10, 18.50, -24.22, -108.30, -1.42, -1.16, -0.37
87812, -2.05, 10.85, -0.23, 25.37, -26.15, -97.03, -0.62, -0.62, -0.55
88064, -0.17, 9.19, -4.60, 22.22, -26.75, -108.73, 1.33, 1.32, 0.88
88315, -5.91, 9.54, 4.82, 17.66, -23.85, -111.91, 1.44, 3.60, -0.03
88567, -2.82, 8.90, -1.40, 20.51, -25.21, -108.80, -0.80, -0.46, -0.24
88819, -0.44, 9.34, -2.85, 23.40, -25.52, -98.22, -1.08, -0.18, -0.77
89071, 0.27, 9.93, -5.73, 29.95, -26.28, -98.41, 0.65, -2.48, 0.81
89323, 2.10, 5.86, -1.54, 19.95, -25.46, -109.60, 0.24, 0.23, 0.55
89581, 11.33, 3.95, 2.97, 21.00, -24.38, -111.47, -1.21, 1.76, -0.78
89829, -2.34, 8.79, -2.23, 20.32, -24.50, -102.75, -1.50, -1.54, -0.53
90075, -3.53, 10.21, 0.44, 29.44, -24.60, -90.35, -0.04, -0.43, -0.21
90322, -0.65, 9.43, -5.32, 22.93, -27.21, -106.47, 1.56, 0.91, 0.98
90568, -3.28, 8.74, 7.67, 16.53, -23.12, -113.23, 0.99, 1.84, -0.43
90814, 0.92, 9.79, -1.71, 18.61, -24.71, -109.60, -0.99, -0.16, -0.62
91062, -0.95, 9.88, -1.10, 21.62, -25.75, -99.20, -0.92, -0.40, -0.65
91316, -3.36, 10.99, -6.00, 26.66, -27.05, -101.40, 1.40, -1.21, 0.96
91564, 0.93, 5.94, -2.50, 17.47, -24.80, -111.85, -0.11, 0.83, 0.43
91809, 13.32, 4.98, -2.82, 20.93, -23.03, -114.62, -2.20, -0.55, -1.21
92057, -2.50, 8.90, -2.68, 20.81, -25.37, -102.97, -1.54, -1.21, -0.71
92305, -1.05, 9.98, -0.06, 29.07, -26.10, -95.28, -0.27, -0.87, -0.26
92551, -0.57, 7.95, -4.81, 21.40, -25.83, -110.55, 1.48, 1.03, 1.04
92798, -0.07, 10.47, 3.83, 19.63, -21.13, -116.19, 0.38, 0.24, -0.30
93044, -4.10, 8.83, -2.69, 20.23, -23.95, -114.18, -1.14, -1.14, -0.33
93298, -0.82, 9.52, -2.27, 24.88, -25.53, -101.65, -1.50, -0.67, -0.72
93548, -3.60, 13.75, -9.50, 27.65, -28.14, -108.05, 1.31, -0.49, 1.43
93798, 2.52, 6.65, -1.83, 25.39, -24.64, -114.43, -0.73, 0.05, 0.38
94046, -2.94, 8.77, -7.94, 25.68, -24.20, -111.09, -1.01, -3.20, 0.16
94291, -3.21, 8.71, -2.29, 21.86, -22.03, -99.27, -1.04, -0.16, -0.49
94539, -6.51, 12.34, -0.52, 26.10, -20.96, -91.17, -0.99, -0.43, -0.44
94787, -0.98, 8.75, -5.54, 17.49, -22.57, -107.59, 1.37, 0.70, 1.23
95041, 1.61, 10.38, 4.51, 19.06, -19.39, -112.99, 1.22, 0.83, -0.71
95289, -0.43, 8.90, -1.96, 18.81, -22.32, -108.93, -1.18, -0.74, -0.21
95535, 0.06, 9.93, -1.80, 22.23, -23.25, -98.83, -1.08, -0.73, -0.55
95782, -5.38, 11.49, -9.57, 24.57, -25.43, -102.27, 0.54, -1.43, 1.25
96030, 1.02, 5.34, -2.98, 18.37, -22.93, -111.43, -0.76, 0.48, 0.49
96276, 8.48, 4.01, -1.74, 22.22, -22.13, -113.07, -1.55, -2.38, -0.54
96524, -3.25, 8.69, -3.10, 20.49, -24.41, -102.88, -1.20, -0.94, -0.57
96778, -2.40, 9.84, -0.61, 28.09, -24.41, -94.61, -0.80, -0.20, -0.60
97024, -1.59, 10.02, -5.55, 24.10, -25.02, -105.86, 1.68, 0.68, 1.01
97271, -2.57, 8.63, 6.93, 22.04, -20.74, -109.82, 0.82, 3.38, -0.40
97519, -3.66, 8.81, -1.73, 23.02, -21.60, -105.22, -0.80, -0.63, 0.02
97892, -2.38, 9.48, -2.34, 27.97, -19.73, -94.75, -0.61, -0.11, -0.55
98299, 0.45, 6.50, -2.11, 23.17, -22.90, -95.07, -0.00, 2.09, 0.43
98545, -2.62, 19.60, 6.59, 17.30, -22.64, -89.54, 2.04, 3.07, -0.99
98801, -0.78, 9.33, -1.59, 21.15, -18.97, -79.98, -1.11, -0.13, -0.55
99049, -2.40, 11.18, 0.73, 28.15, -12.17, -70.94, -0.78, -0.03, -0.71
99295, -1.03, 9.35, -3.77, 22.48, -20.21, -76.53, 1.76, 2.18, 0.86
99540, -5.33, 9.50, -0.29, 6.94, -22.89, -79.89, 0.77, -0.01, 1.37
99788, -1.87, 7.89, 0.02, 3.99, -21.89, -78.22, -1.06, -0.04, 0.41
100034, -0.27, 9.49, -1.98, 7.18, -13.86, -66.75, -1.40, 0.15, -0.89
100282, -0.19, 13.39, 3.88, 14.32, -12.85, -63.59, 1.85, 0.94, -0.03
100528, -0.75, 7.56, -4.01, 2.29, -21.03, -75.11, 1.03, 1.91, 0.89
100782, -1.64, 9.99, 3.03, -11.12, -19.94, -83.38, 0.24, 1.47, 0.03
101027, -3.94, 8.25, -3.08, -10.00, -19.16, -78.46, -1.20, 0.10, -0.41
101275, -0.59, 9.66, -1.91, -5.88, -14.16, -68.52, -0.88, -0.12, -0.78
101523, -5.08, 9.56, -6.09, -0.76, -16.19, -69.00, 0.43, -0.98, 1.06
101769, 3.47, 6.86, -1.68, -15.02, -17.74, -82.90, 0.18, 0.62, 0.38
102014, 9.31, 6.46, -0.35, -18.12, -17.41, -94.48, -1.80, 0.62, -0.26
102262, -1.09, 9.55, -1.17, -17.45, -12.28, -79.85, -1.53, -1.49, -0.41
102518, -2.18, 7.66, -1.10, -10.46, -12.63, -71.09, -0.25, -0.11, -0.58
102764, -0.40, 10.76, -3.96, -13.12, -16.95, -79.67, 1.42, 0.67, 1.03
103012, -4.77, 10.13, 4.09, -24.63, -12.26, -95.22, 1.35, 3.00, 0.16
103258, -5.12, 8.89, -2.33, -23.98, -13.29, -95.73, -0.63, -0.20, -0.59
103505, -0.47, 9.12, -1.83, -19.07, -16.06, -85.95, -0.76, 0.09, -0.62
103751, -0.31, 13.31, 3.26, -10.64, -21.00, -81.06, 0.55, 0.71, -0.32
103999, -0.56, 8.12, -5.90, -19.37, -18.21, -98.67, 1.23, 2.33, 0.93
104253, -3.08, 6.23, 1.10, -22.01, -10.67, -114.81, 0.01, 0.61, 0.26
104499, -1.27, 8.49, -2.35, -18.37, -15.80, -110.30, -1.00, 0.45, -0.55
104747, 0.11, 10.43, -1.45, -12.85, -21.16, -99.63, -0.79, -0.03, -0.67
104992, -5.31, 9.21, -3.82, -6.02, -25.11, -98.11, 0.57, -0.74, 0.65
105240, 3.11, 6.89, -2.40, -11.78, -15.74, -115.20, 0.65, 1.00, 0.32
105486, -0.57, 6.62, -4.94, -16.22, -10.42, -119.03, -1.45, -0.61, -0.51
105734, -0.10, 9.40, 0.03, -15.19, -14.37, -113.99, -0.75, -0.34, 0.08
105990, -2.53, 9.70, -1.33, -15.26, -18.58, -102.06, -0.31, -1.37, -0.23
106235, 2.63, 10.44, -2.16, -18.85, -18.12, -104.12, 1.72, -0.42, 0.38
106483, -5.51, 7.35, 1.02, -28.34, -9.49, -105.35, 1.23, -0.68, 0.41
106729, -6.40, 10.56, -3.45, -28.54, -11.50, -97.53, -1.12, -1.13, 0.12
106977, -1.93, 9.54, -1.25, -26.75, -11.66, -83.38, -0.66, -0.36, -0.34
107225, -0.21, 14.29, 7.34, -16.47, -14.40, -72.23, 0.70, 0.10, -0.31
107470, -0.32, 6.61, -3.16, -21.13, -16.66, -81.89, 1.18, 0.45, 0.74
107718, 1.50, 9.07, 2.80, -28.05, -12.99, -93.74, 0.33, 0.89, -0.31
107970, -0.16, 9.11, -1.32, -24.12, -12.73, -83.70, -1.28, -0.75, -0.25
108218, -1.58, 9.48, -3.00, -15.65, -11.58, -69.66, -1.21, -0.74, -0.70
108466, -0.37, 12.28, -4.63, -9.31, -16.28, -70.36, 2.59, 1.71, 0.92
108713, -2.43, 10.16, -3.84, -20.32, -15.84, -84.26, 0.57, 0.14, 0.88
108963, -9.11, 9.53, -4.30, -21.25, -16.76, -88.75, -0.63, -0.67, 0.40
109211, -1.62, 9.27, -2.57, -16.84, -13.72, -75.78, -1.17, -0.65, -0.45
109459, -5.18, 16.62, 1.56, -5.85, -14.91, -66.15, 0.40, -0.28, -0.28
109713, -0.04, 7.77, -4.68, -12.70, -18.71, -78.53, 1.44, 0.62, 1.09
109961, 1.77, 9.94, 3.78, -20.94, -16.94, -89.02, 0.59, 0.65, -0.66
110206, -1.23, 8.55, -2.11, -18.37, -16.73, -80.55, -1.05, -0.87, -0.31
110454, -1.08, 9.71, -2.66, -10.29, -12.67, -66.34, -1.19, -1.08, -0.54
110700, -3.54, 13.46, -9.42, 3.48, -15.13, -63.08, 0.93, -1.60, 1.55
110948, 2.06, 5.66, -2.32, -11.93, -19.80, -77.58, -0.49, 0.44, 0.54
111196, 11.90, 1.53, -2.30, -15.67, -21.06, -85.27, -1.73, -2.84, -0.43
111450, -1.88, 8.91, -1.56, -11.55, -14.50, -71.29, -1.30, -0.91, -0.63
111695, -1.58, 10.07, -0.21, 1.58, -11.12, -61.90, -0.75, -0.80, -0.65
111943, -1.56, 8.14, -5.39, -1.99, -20.59, -73.22, 1.33, 0.20, 1.18
112189, -2.82, 9.91, 6.78, -13.91, -20.64, -84.16, 0.56, 1.46, -0.17
112437, -1.34, 8.96, -2.43, -12.00, -20.43, -79.28, -1.15, -1.21, -0.43
112685, -1.07, 9.50, -2.05, -2.84, -14.40, -66.40, -0.88, -0.59, -0.63
112930, -4.31, 10.56, -8.21, 6.94, -17.09, -66.25, 0.68, -1.97, 1.29
113186, -0.48, 5.84, -2.16, -7.69, -20.96, -76.75, -0.50, 0.33, 0.80
113434, 9.55, 4.13, -5.46, -10.86, -23.52, -83.51, -1.86, -2.94, -1.28
113680, -0.80, 8.73, -1.92, -8.18, -16.73, -71.69, -1.45, -0.67, -0.79
113928, -4.21, 10.84, 1.96, 2.75, -13.96, -63.78, 0.05, -0.62, -0.19
114176, -1.52, 8.31, -4.15, -7.41, -21.72, -75.56, 1.03, 1.61, 1.08
114421, -3.32, 10.52, 7.96, -21.10, -17.68, -86.76, 0.45, 2.52, -0.11
114669, -4.00, 9.78, -1.81, -20.34, -18.02, -84.24, -0.72, -0.26, -0.49
114923, -1.37, 10.08, -1.58, -12.36, -17.49, -73.74, -0.78, 0.55, -0.80
115171, -8.12, 10.11, -4.60, -7.69, -22.64, -77.20, 0.84, -0.14, 0.48
115417, 3.36, 6.98, -2.88, -19.35, -19.80, -101.42, 0.75, 2.55, 0.28
115664, 1.71, 19.60, -2.04, -17.70, -15.83, -115.71, 1.86, 2.79, -0.55
115912, 0.64, 9.79, -2.17, -15.36, -20.33, -104.82, -1.35, -0.36, -0.27
116158, 1.35, 9.58, -2.99, -8.87, -25.39, -98.80, -1.22, -0.49, -0.71
116406, -3.68, 11.71, -8.73, -3.98, -28.63, -98.96, 0.87, 0.82, 0.95
116660, 0.91, 6.99, -1.85, -6.65, -19.58, -121.41, 0.23, 1.23, 0.82
116908, 12.33, 6.21, 1.16, 5.90, -17.60, -127.43, -1.86, 0.14, -0.48
117168, -2.99, 9.02, -2.86, 2.79, -23.94, -114.53, -1.24, -0.34, -0.74
117413, -4.55, 11.27, 0.47, 14.28, -30.14, -101.23, -0.51, -0.03, -0.48
117661, -1.17, 9.46, -6.53, 7.97, -25.61, -117.19, 1.31, 2.77, 0.97
117907, -3.76, 9.69, 4.27, 9.22, -20.01, -122.26, 1.44, 3.16, 0.23
118155, -2.62, 8.73, -0.82, 14.22, -21.66, -119.60, -0.87, -0.03, -0.62
118401, -1.19, 9.74, -1.94, 17.54, -26.02, -108.32, -1.02, -0.23, -0.75
118677, -3.21, 11.21, -5.35, 22.41, -26.50, -106.96, 0.45, -0.92, 1.10
118923, 3.40, 6.43, -1.90, 17.38, -24.44, -114.28, -0.16, 0.93, 0.35
119171, 1.53, 12.26, 8.98, 17.73, -22.90, -116.31, 0.28, 3.31, -1.00
119416, -0.43, 9.42, -1.58, 19.19, -25.59, -103.87, -1.54, -1.30, -0.57
119662, -2.29, 9.73, 0.03, 26.02, -27.59, -96.33, -0.59, -1.09, -0.53
119910, -0.22, 8.98, -3.75, 19.32, -26.56, -108.70, 1.63, 0.17, 1.23
120156, -4.49, 9.72, 11.14, 16.52, -22.49, -115.08, 1.48, 3.56, -0.40
120412, 2.15, 9.99, -1.85, 19.86, -24.29, -110.55, -1.09, -0.08, -0.62
120659, -0.22, 10.29, -2.10, 25.34, -25.86, -95.97, -1.09, -0.24, -0.72
120905, -5.08, 13.34, -6.82, 30.18, -26.88, -99.82, 1.45, -1.31, 0.97
121153, 3.82, 4.24, -3.18, 19.58, -24.57, -112.22, 0.22, 0.87, 0.49
121399, 14.09, 3.47, -1.58, 20.68, -22.07, -115.70, -1.23, -0.72, 0.39
121647, -2.89, 9.00, -1.21, 17.77, -25.26, -105.58, -1.42, -1.20, -0.53
121894, -0.87, 11.06, 1.93, 23.84, -26.03, -95.69, -0.77, -0.66, -0.63
122148, -0.47, 8.40, -4.49, 21.31, -26.75, -107.78, 1.62, 0.32, 1.00
122394, -4.82, 9.35, 5.59, 17.70, -22.80, -114.53, 1.32, 2.51, 0.09
122642, -0.97, 10.15, -1.66, 16.62, -23.24, -115.04, -1.13, -0.03, -0.44
122890, -1.62, 9.67, -1.58, 20.05, -25.12, -103.38, -0.78, -0.18, -0.55
123136, -1.15, 11.32, -4.12, 27.90, -26.35, -101.02, 1.04, -1.01, 0.27
123385, 0.56, 5.15, -2.87, 18.49, -23.72, -114.66, 0.41, 0.59, 0.75
123635, 8.02, 7.98, -0.57, 21.03, -20.42, -117.11, -1.62, 1.26, -0.82
123891, -1.75, 9.36, -1.67, 20.34, -23.71, -107.22, -1.65, -1.63, -0.57
124137, -1.21, 8.66, 0.27, 29.51, -26.50, -98.36, -0.58, -0.62, -0.50
124385, 0.92, 9.31, -5.01, 24.63, -27.38, -112.93, 1.69, 0.78, 0.98
124631, -2.47, 9.45, 7.25, 23.05, -25.08, -118.94, 1.23, 2.25, -0.40
124878, -1.58, 8.97, -2.85, 29.90, -27.80, -111.81, -0.98, -0.39, -0.45
125126, -1.11, 9.89, -1.44, 32.96, -25.72, -96.54, -0.77, -0.37, -0.57
125372, -4.00, 10.56, -6.33, 24.79, -18.23, -95.48, 0.41, -1.19, 0.95
125628, 2.96, 5.95, -1.08, 13.62, -19.63, -110.74, -0.01, 0.41, 0.41
125874, 1.40, 5.24, -6.17, 17.58, -21.03, -112.38, -1.62, -0.94, -0.65
126121, -1.02, 8.78, -2.76, 18.12, -22.81, -102.63, -1.44, -1.35, -0.77
126367, -6.46, 14.30, 0.36, 26.02, -24.92, -95.10, 0.05, -0.23, -0.08
126615, -0.18, 7.60, -5.23, 18.20, -24.12, -113.24, 1.66, 1.66, 0.81
126861, -4.61, 10.28, 9.33, 15.43, -21.54, -114.81, 0.79, 2.27, -0.30
127109, -2.37, 8.71, -3.02, 19.09, -23.09, -111.62, -1.15, -0.34, -0.57
127356, -1.18, 9.37, -2.30, 23.46, -23.85, -99.69, -0.71, -0.47, -0.60
127612, -2.16, 13.00, -7.94, 25.37, -25.68, -105.50, 1.41, 0.84, 1.43
127858, 0.30, 9.71, -1.97, 21.13, -23.27, -110.61, -0.13, 0.04, 0.85
128106, -7.24, 8.64, -13.39, 21.43, -22.41, -112.34, -1.23, -1.59, 0.67
128354, -2.99, 8.73, -3.34, 22.48, -22.93, -100.28, -1.49, -0.74, -0.56
128600, -3.01, 15.29, 4.88, 30.84, -22.73, -93.85, 0.73, 0.61, -0.45
128847, -0.83, 6.77, -5.27, 23.84, -24.35, -106.17, 1.34, 1.69, 0.74
129093, 0.41, 9.70, 1.98, 24.70, -22.54, -104.05, 0.27, 0.09, -0.02
129347, -1.31, 8.90, -2.14, 26.26, -22.29, -98.20, -1.08, 0.03, -0.39
129595, 0.72, 10.12, 0.99, 31.69, -19.29, -88.48, -0.48, 0.36, -0.81
129843, -2.75, 11.49, -7.51, 32.89, -20.05, -88.03, 0.61, 1.15, 0.93
130088, 2.12, 5.85, -2.32, 20.80, -23.18, -86.95, -0.75, 0.42, 0.41
130336, 2.61, 3.84, -5.65, 17.49, -22.86, -82.64, -2.04, -2.48, 0.26
130582, -2.36, 8.84, -3.47, 19.85, -16.02, -72.87, -1.24, 0.36, -0.82
130830, -7.34, 17.80, 0.15, 24.70, -8.68, -65.46, 0.79, 1.39, -0.34
131084, 0.01, 8.94, -4.25, 7.78, -19.79, -72.62, 1.49, 2.58, 0.72
131332, -2.80, 8.60, 4.87, -4.78, -21.19, -80.69, 0.86, 1.88, -0.33
131577, -1.60, 8.66, -2.14, -3.71, -18.99, -75.90, -1.01, 0.45, -0.34
131825, 0.05, 9.99, -1.93, 0.58, -11.56, -64.82, -1.08, -0.21, -0.69
132073, -3.73, 11.67, 0.52, 10.27, -13.31, -63.62, 1.39, -0.49, 0.25
132319, 1.57, 5.80, -4.03, -8.04, -19.38, -78.79, 1.01, 2.29, 0.27
132564, -0.32, 4.48, -3.39, -16.65, -17.92, -85.79, -1.44, -0.51, 0.08
132820, 0.29, 9.44, -1.22, -12.61, -15.76, -76.45, -1.46, -0.11, -0.50
133066, 0.19, 10.06, 0.23, -5.45, -11.72, -65.83, -0.64, 0.05, -0.67
133314, -0.98, 8.89, -4.83, -7.29, -19.51, -77.11, 1.63, 1.50, 1.14
133560, -4.07, 11.25, 2.11, -19.53, -16.12, -89.43, 0.94, 0.66, 1.28
133808, -2.22, 10.72, -3.11, -20.81, -14.45, -90.05, -1.14, 0.22, -0.08
134055, -0.30, 10.02, -1.31, -18.06, -12.13, -79.80, -0.92, 0.02, -0.41
134301, -1.52, 11.77, 2.83, -9.97, -14.19, -72.64, 2.00, -0.03, 0.07
134549, -0.75, 6.95, -4.66, -19.18, -16.65, -92.94, 1.20, 2.04, 0.75
134803, -0.07, 3.68, 1.24, -24.33, -12.44, -104.90, -0.13, 0.50, 0.33
135051, -1.49, 8.97, -2.18, -22.23, -15.96, -97.46, -1.20, 0.26, -0.50
135299, -2.79, 9.72, -1.53, -15.73, -18.71, -83.73, -1.23, -0.39, -1.04
135544, 0.39, 12.65, -9.21, -13.31, -21.92, -87.36, 1.47, 1.95, 1.32
135792, 3.52, 6.43, -2.81, -15.04, -16.75, -106.62, -1.11, 0.84, -0.08
136040, -1.02, 9.67, -1.66, -16.46, -15.21, -113.61, -0.23, 0.77, -0.03
136286, 0.54, 9.64, -2.12, -11.85, -21.09, -102.50, -1.06, 0.16, -0.63
136540, -3.11, 15.29, 6.58, -5.33, -25.91, -97.06, 1.55, 0.51, 0.03
136787, 1.67, 7.19, -4.20, -12.98, -16.25, -114.03, 1.43, 1.46, 0.81
137033, -0.87, 9.19, 3.14, -17.11, -9.15, -121.37, 0.40, -0.49, -0.25
137281, -3.95, 7.94, -2.77, -17.70, -11.52, -116.78, -1.09, -0.36, 0.03
137529, -1.27, 9.97, -0.55, -19.29, -17.00, -100.48, -0.71, -1.72, -0.11
137775, 2.96, 13.32, -6.67, -20.37, -18.23, -93.58, 2.32, 0.19, 1.08
138022, -2.78, 8.63, -2.86, -29.77, -11.31, -97.69, -0.01, -1.37, 0.77
138283, -2.67, 9.36, -1.43, -29.19, -11.40, -92.97, -0.71, -0.42, -0.03
138530, -1.89, 9.36, -2.20, -22.68, -11.71, -76.56, -0.65, -0.40, -0.51
138778, 2.36, 13.94, 5.19, -11.37, -16.34, -69.69, 1.11, -0.88, -0.28
139024, 1.62, 6.95, -3.43, -17.30, -18.61, -84.20, 1.20, 1.24, 0.83
139272, -1.99, 7.74, 0.36, -25.45, -13.67, -88.31, -0.11, 0.89, -0.34
139517, -0.11, 9.14, -2.37, -22.46, -13.84, -82.94, -1.46, -0.28, -0.29
139765, -1.77, 10.06, -2.69, -13.37, -11.88, -68.30, -0.94, -0.56, -0.58
140021, 1.09, 10.45, -4.23, -10.06, -17.54, -74.07, 2.27, 0.76, 1.27
140267, -7.92, 15.34, 0.43, -21.15, -14.47, -83.94, 1.07, 0.62, 0.90
140515, -0.86, 11.16, -1.27, -20.30, -16.78, -85.75, -0.70, -0.80, 0.13
140761, -2.32, 9.75, -1.07, -14.47, -14.25, -72.49, -0.57, -1.12, -0.59
141008, -8.45, 10.55, -8.31, 0.04, -18.74, -70.07, 1.37, -0.08, 0.82
141256, -1.55, 8.35, -0.37, -7.32, -21.69, -80.34, -0.03, 0.80, 0.52
141502, -4.62, 10.06, -0.28, -15.13, -17.79, -81.89, -1.12, 1.23, -0.09
141758, 0.21, 9.54, -2.07, -14.38, -16.33, -75.59, -1.78, -0.93, -0.45
142006, -2.88, 10.80, -0.68, -2.78, -9.79, -62.36, -0.52, -0.83, -0.65
142254, 1.94, 8.96, -3.67, -5.04, -19.86, -73.00, 1.54, -0.47, 1.37
142499, -3.73, 10.06, 10.25, -18.05, -18.18, -84.14, 0.74, 1.06, 0.31
142747, -3.08, 9.05, -2.76, -14.85, -19.18, -79.03, -0.99, 0.30, -0.80
142993, -1.39, 9.54, -1.68, -5.23, -13.55, -65.38, -0.88, -0.22, -0.67
143241, -1.88, 12.66, -5.80, 7.51, -15.68, -62.44, 1.01, -1.96, 1.17
143489, 1.79, 4.32, -3.34, -4.69, -24.00, -78.88, 0.31, 0.39, 0.27
143732, 11.19, 11.32, -4.24, -7.18, -24.82, -84.98, -1.83, -1.60, -0.36
143978, -3.09, 8.91, -2.17, -2.19, -17.76, -70.48, -1.53, -1.57, -0.47
144226, -1.70, 9.91, 0.58, 8.32, -11.24, -60.96, 0.13, -0.24, -0.26
144472, 1.32, 10.48, -3.37, 3.54, -21.69, -72.52, 1.70, 1.99, 0.61
144719, -2.77, 10.70, 3.50, -8.37, -21.27, -78.81, 1.31, 2.24, 0.12
144967, 0.25, 10.96, -1.04, -9.87, -21.82, -80.21, -0.78, -0.18, -0.51
145213, -1.94, 9.84, -2.16, -2.28, -15.92, -67.67, -0.65, 0.03, -0.70
145473, -0.82, 10.78, 2.65, 7.04, -17.58, -64.89, 1.17, -0.66, -0.09
145725, 1.43, 7.08, -4.73, -9.21, -21.88, -78.03, 1.00, 1.85, 0.83
145977, -0.93, 0.47, -4.63, -22.03, -17.93, -91.61, -1.44, 0.34, 0.20
146229, 0.59, 9.23, -2.10, -19.60, -18.50, -84.49, -1.20, 0.19, -0.41
146481, -0.74, 9.50, -2.22, -13.58, -17.73, -75.78, -1.05, -0.23, -0.79
146733, -1.21, 11.55, -8.77, -9.22, -21.29, -77.46, 0.64, 1.31, 0.68
146984, 3.58, 5.84, -4.59, -20.56, -19.54, -101.48, -0.61, 1.11, 0.24
147245, 0.90, 6.08, -5.39, -13.75, -19.86, -112.29, -2.30, -2.46, 0.51
147492, -1.13, 9.02, -3.20, -14.19, -22.29, -101.58, -0.79, 0.15, -0.61
147738, -5.69, 13.51, 0.25, -5.70, -27.02, -94.99, 0.17, 0.22, -0.35
147986, -1.03, 8.67, -4.71, -8.86, -23.40, -112.70, 1.46, 2.50, 0.84
148232, -2.43, 9.32, 7.32, -7.51, -16.19, -124.57, 1.16, 2.80, -0.11
148480, -1.32, 9.13, -0.95, -1.49, -20.67, -120.72, -0.72, 0.08, -0.42
148725, -0.20, 9.80, -2.75, 2.53, -24.95, -110.23, -0.67, 0.24, -0.66
148979, -5.11, 10.94, -4.30, 11.44, -28.92, -109.31, 0.53, -0.88, 0.47
149227, 4.06, 5.61, -3.66, 9.59, -21.81, -121.85, 0.34, 1.59, 0.05
149473, 11.83, 8.28, -3.24, 15.13, -19.57, -123.50, -1.57, 0.16, -0.99
149721, -0.93, 9.20, -2.52, 13.31, -24.28, -112.31, -1.42, -1.12, -0.52
149968, -2.35, 10.04, 0.07, 19.77, -27.73, -104.56, -0.55, -0.13, -0.54
150216, 0.10, 9.43, -5.51, 18.27, -25.86, -114.10, 1.60, 1.83, 0.86
150462, -3.13, 10.84, 6.14, 18.04, -22.86, -115.83, 1.79, 1.78, 0.76
150718, -1.36, 9.98, -0.64, 19.85, -24.25, -112.17, -0.86, -0.90, -0.17
150966, -1.87, 9.75, -2.07, 22.51, -24.98, -101.40, -0.84, -0.07, -0.61
151212, -1.50, 15.35, 0.85, 29.52, -26.76, -98.04, 1.43, -0.22, 0.13
151459, 1.56, 5.55, -4.83, 22.07, -26.03, -111.20, 1.07, 1.67, 0.32
151707, -4.38, 19.60, 5.74, 18.91, -23.88, -113.69, 1.30, 1.77, -0.58
151953, -0.24, 9.36, -2.08, 22.36, -24.88, -102.40, -1.58, -0.75, -0.76
152201, -2.56, 11.15, 0.01, 30.06, -24.48, -93.48, 0.11, -0.64, -0.23
152449, 0.74, 8.87, -4.95, 23.82, -26.07, -107.64, 1.40, 1.63, 0.77
152702, -4.66, 9.13, 3.05, 18.36, -25.12, -108.74, 0.65, 1.41, 0.25
152948, -1.64, 9.66, -1.50, 21.12, -25.39, -106.88, -1.06, -0.66, -0.58
153198, -1.60, 10.17, -1.91, 25.64, -24.17, -95.64, -0.80, -0.28, -0.75
153448, -0.90, 12.89, -9.49, 30.43, -25.84, -102.32, 0.11, -2.03, 1.46
153696, 2.18, 7.69, -0.49, 21.73, -24.74, -111.18, 0.02, 0.54, 0.49
153944, -5.98, 16.04, 9.14, 19.42, -22.60, -114.48, 0.48, 1.10, -0.31
154189, -0.89, 9.63, -2.31, 20.61, -24.16, -103.41, -1.52, -1.13, -0.66
154445, -4.70, 11.19, 2.52, 28.56, -25.01, -95.26, -0.58, -0.78, -0.39
154693, 0.73, 7.77, -5.34, 21.15, -26.34, -110.98, 1.74, 0.83, 0.90
154939, -2.11, 10.41, 5.15, 16.11, -22.48, -115.77, 0.24, 0.48, -0.46
155187, -1.67, 8.68, -2.28, 18.58, -24.73, -111.46, -1.05, -0.12, -0.55
155435, -0.06, 9.74, -2.98, 21.88, -24.89, -99.58, -1.56, -0.69, -0.93
155809, -0.10, 9.25, -5.84, 20.08, -25.84, -110.77, 1.77, 1.76, 1.36
156186, 2.53, 4.61, -9.62, 22.00, -22.30, -117.01, -1.99, -3.41, 0.23
156792, -3.70, 11.79, -3.47, 31.92, -26.91, -104.14, 1.44, -1.77, 0.75
157042, 4.90, 4.59, -3.96, 28.62, -25.93, -115.08, 0.48, 1.46, 0.09
157290, -1.43, 9.70, 5.08, 27.14, -23.27, -111.50, -0.16, 2.98, -0.80
157536, -0.09, 9.77, -2.48, 22.99, -21.44, -96.01, -1.74, -1.40, -0.63
157784, 0.37, 9.92, 0.69, 26.53, -19.35, -91.95, -0.29, -0.61, -0.65
158029, 1.65, 9.06, -4.57, 20.83, -23.65, -107.78, 1.66, 1.11, 0.84
158277, -3.67, 9.72, 7.49, 15.77, -21.12, -113.29, 1.04, 1.95, 0.06
158533, 0.00, 8.97, -1.76, 18.43, -22.86, -110.14, -1.10, -0.40, -0.31
158779, -1.29, 10.12, -1.55, 21.37, -23.50, -98.64, -0.61, -0.23, -0.62
159027, -3.05, 12.11, -5.85, 27.89, -24.79, -100.91, 0.93, -1.69, 1.07
159275, 2.81, 5.27, -3.45, 19.12, -23.62, -108.54, 0.01, 1.08, 0.32
159520, 8.25, 11.35, -3.08, 19.92, -22.04, -113.68, -1.32, 0.54, -1.14
159768, -0.81, 9.66, -2.63, 20.27, -23.49, -104.76, -1.39, -1.47, -0.57
160016, -0.16, 9.95, 1.97, 27.77, -22.86, -97.21, -0.07, -0.16, -0.56
160270, 0.44, 9.15, -3.83, 23.93, -24.32, -108.39, 1.53, 1.32, 0.89
160516, -1.77, 10.55, 8.72, 19.19, -21.62, -111.78, 1.38, 2.40, 0.17
160763, 0.10, 9.94, -1.21, 20.71, -23.12, -109.65, -0.67, -0.25, -0.52
161009, -0.44, 9.91, -1.61, 25.40, -21.75, -100.10, -0.82, 0.30, -0.77
161257, -6.19, 9.80, -2.58, 32.29, -22.19, -97.85, 0.54, -0.13, 0.31
161505, 2.34, 6.23, -4.91, 25.17, -24.28, -101.78, 0.71, 2.23, 0.20
161751, -2.67, 16.75, 10.54, 24.29, -23.28, -98.49, 2.18, 1.68, -0.31
161998, 0.07, 9.84, -1.35, 27.40, -20.08, -86.52, -1.37, -1.09, -0.41
162252, -2.21, 9.77, -0.05, 33.35, -14.64, -81.76, -0.76, 0.14, -0.75
162500, -1.43, 9.96, -4.62, 30.77, -21.08, -86.47, 1.56, 1.78, 1.18
162746, -0.68, 12.22, -1.50, 17.35, -20.94, -81.61, 0.38, 3.92, -0.61
162994, -3.36, 7.62, -1.90, 15.04, -18.97, -76.32, -0.74, 0.47, 0.04
163241, -0.01, 9.24, -3.60, 19.20, -11.44, -66.56, -1.02, 0.51, -0.76
163487, -2.64, 13.43, 1.84, 22.83, -9.98, -63.68, 1.56, 0.60, 0.02
163735, -0.02, 7.62, -5.27, 5.73, -20.86, -73.85, 1.39, 1.52, 1.06
163989, 0.74, 16.37, 4.17, -6.28, -21.00, -81.54, 0.62, -0.23, 0.11
164235, -0.47, 9.50, -1.45, -1.72, -17.60, -73.18, -1.11, -0.65, -0.35
164483, -0.77, 10.11, 0.35, 6.78, -12.69, -64.28, -0.96, -0.74, -0.79
164728, 0.66, 8.65, -4.21, 1.91, -20.14, -72.67, 1.29, 1.72, 1.01
164976, -3.69, 11.53, 2.68, -13.68, -18.12, -81.44, 1.12, 1.52, 0.92
165222, -1.56, 10.25, -0.98, -15.46, -17.80, -81.72, -0.88, -0.01, 0.04
165470, -0.71, 9.67, -2.18, -10.49, -13.11, -72.48, -0.98, 0.03, -0.63
165726, -0.49, 12.00, 3.81, -1.21, -15.45, -66.49, 1.59, -0.11, 0.03
165971, 0.74, 6.19, -4.93, -18.68, -17.90, -83.43, 1.13, 2.44, 0.48
166219, 2.01, -2.94, -6.61, -21.92, -14.37, -89.46, -1.88, -1.73, -0.83
166465, 0.23, 9.67, -2.31, -17.83, -14.35, -81.38, -1.14, -0.22, -0.61
166713, 1.05, 9.47, -0.48, -10.57, -12.06, -71.62, -0.87, -0.76, -0.67
166961, 0.68, 9.70, -4.22, -12.07, -16.21, -79.83, 1.87, 2.08, 0.96
167206, -3.14, 14.80, 0.78, -22.73, -15.08, -96.04, 0.83, 0.99, 0.76
167454, -3.37, 10.48, -3.21, -22.90, -15.48, -97.11, -0.83, -0.07, -0.07
167708, -1.56, 9.65, -1.39, -18.15, -16.38, -84.89, -0.82, 0.30, -0.79
167956, -5.19, 11.32, -7.53, -12.51, -21.72, -85.52, 0.62, 0.45, 1.22
168202, 3.57, 4.31, -4.33, -21.37, -15.16, -109.00, -0.88, 1.64, -0.19
168450, 9.71, 5.14, 0.41, -17.09, -14.88, -113.87, -0.55, 0.65, -1.46
168699, -1.44, 9.39, -1.58, -14.92, -18.88, -104.21, -1.07, 0.02, -0.66
168949, -6.23, 15.43, 0.62, -8.29, -24.25, -99.85, 0.85, 1.09, -0.31
169195, 3.23, 8.82, -2.41, -9.44, -18.47, -113.90, 1.38, -0.12, 1.01
169451, 0.04, 8.20, 2.13, -16.33, -8.96, -119.41, -0.01, -0.27, -0.73
169699, -0.51, 9.03, -1.66, -16.03, -13.33, -114.89, -1.04, -0.71, -0.06
169945, -1.99, 9.33, -4.40, -17.28, -18.20, -98.98, -0.84, -1.21, -0.03
170192, -2.56, 10.91, -6.95, -21.59, -18.01, -94.69, 1.65, -2.33, 1.69
170440, -4.18, 6.50, -2.77, -28.06, -12.39, -97.78, -0.73, -1.63, 0.63
170688, -3.03, 11.26, -3.57, -27.68, -12.86, -93.34, -1.09, -0.33, -0.17
170934, -1.57, 9.97, -1.48, -22.52, -12.20, -78.85, -1.07, -0.33, -0.62
171190, 1.18, 15.57, 3.07, -11.22, -17.55, -71.88, 1.85, -1.12, 0.03
171436, 1.20, 5.64, -4.03, -18.49, -18.58, -83.94, 0.79, 1.36, 0.51
171683, 0.10, 3.69, -1.32, -23.63, -16.16, -90.51, -0.59, -0.18, -0.23
171929, 0.51, 9.35, -1.92, -19.96, -14.48, -80.27, -1.42, -0.06, -0.53
172177, 0.23, 10.32, -0.83, -9.78, -12.29, -66.46, -0.56, -1.07, -0.33
172425, 0.41, 10.05, -4.77, -7.09, -18.77, -73.08, 1.65, 0.85, 1.06
172670, -2.46, 12.87, 2.24, -19.82, -16.08, -85.63, 1.62, 1.43, 0.42
172926, -3.85, 8.30, -2.66, -18.97, -16.66, -85.93, -0.92, -1.02, -0.33
173172, -0.34, 9.40, -2.13, -11.41, -14.75, -72.76, -0.59, -1.32, -0.51
173420, -5.76, 11.77, -9.02, 1.37, -18.27, -69.54, 0.23, -0.59, 1.17
173668, 0.87, 4.76, -2.34, -11.88, -19.86, -81.98, -0.53, 0.31, 0.44
173914, -1.87, 19.60, 4.07, -16.12, -18.75, -84.04, 1.16, -0.26, -0.16
174161, -1.70, 9.54, -0.57, -14.48, -16.27, -75.53, -1.27, -0.87, -0.30
174409, -2.50, 11.24, 2.56, -5.61, -12.69, -64.91, -0.73, -0.87, -0.81
174663, 2.33, 7.65, -3.80, -6.26, -20.67, -73.91, 1.34, 0.13, 0.76
174909, -3.74, 9.30, 5.11, -15.00, -18.61, -81.61, 0.74, 0.77, -0.23
175157, -1.52, 9.76, -2.27, -11.02, -17.95, -75.34, -1.29, 0.03, -0.40
175403, -0.27, 9.22, -2.82, -1.15, -11.03, -63.11, -0.74, -0.27, -0.59
175650, -5.19, 12.32, -5.93, 9.98, -14.88, -62.47, 1.12, -1.49, 1.20
175896, 4.24, 3.71, -3.60, -4.90, -21.94, -76.63, 0.42, 1.11, -0.24
176142, 1.38, 4.59, -2.17, -6.01, -24.01, -82.17, -1.26, -2.18, 0.39
176398, -2.21, 9.19, -2.34, -1.21, -16.82, -68.82, -1.11, -0.84, -0.57
176644, -7.91, 13.49, -0.36, 9.84, -12.83, -62.25, -0.33, -0.72, -0.40
176891, 1.29, 8.25, -4.54, 3.60, -21.78, -72.36, 1.34, 1.09, 0.86
177137, -2.27, 10.09, 6.17, -10.38, -21.54, -82.01, 1.08, 2.15, -0.54
177385, -0.10, 8.69, 0.65, -7.97, -21.67, -78.14, -0.68, 0.30, -0.82
177631, -1.25, 9.65, -3.01, -0.54, -16.34, -68.20, -0.96, 0.53, -0.93
177876, -1.70, 9.59, -2.03, 7.44, -19.47, -67.06, 0.68, -1.22, 0.05
178124, 2.39, 6.17, -4.30, -8.83, -22.36, -79.14, 0.25, 2.22, 0.25
178378, 1.46, 3.77, -6.42, -20.86, -18.62, -87.78, -1.51, 0.28, -0.48
178624, 0.87, 9.07, -1.64, -17.03, -19.28, -82.61, -1.06, 0.05, -0.52
178872, 0.33, 10.07, -0.55, -11.55, -18.96, -74.80, -0.72, -0.37, -0.82
179118, 0.47, 11.77, -7.89, -10.01, -23.87, -82.11, 1.16, 1.96, 0.85
179365, 1.21, 9.05, -2.98, -18.17, -21.63, -101.17, -0.16, 1.41, 0.28
179613, -4.62, 9.98, -10.65, -17.00, -18.85, -110.74, -1.23, -1.06, 0.18
179859, -2.22, 9.24, -2.27, -11.55, -21.72, -99.01, -1.10, 0.58, -0.61
180115, -6.28, 15.54, -1.34, -6.47, -26.07, -90.84, 1.29, 1.03, 0.04
180363, -0.53, 8.43, -5.33, -10.68, -23.53, -110.58, 1.32, 2.55, 0.57
180609, -3.23, 7.80, 7.28, -9.16, -16.85, -123.46, 1.09, 2.03, 0.26
180856, -3.71, 8.78, -1.76, -6.07, -19.73, -120.65, -0.79, -0.10, -0.36
181102, -1.34, 9.54, -2.28, -1.20, -25.74, -109.09, -1.15, 0.27, -0.79
181350, 0.39, 12.79, -1.87, 8.75, -29.82, -109.50, 1.78, -0.41, 0.40
181598, 2.50, 6.01, -4.35, 6.23, -21.21, -122.95, 0.18, 3.06, 0.05
181850, 3.87, 7.72, 4.99, 10.23, -18.91, -124.12, 1.46, 1.64, -1.53
182097, 2.55, 9.81, -0.74, 12.96, -24.67, -112.57, -0.90, -0.78, -0.53
182345, -0.44, 10.66, -1.24, 19.80, -27.54, -103.55, -1.30, -1.07, -0.64
182591, 0.93, 9.89, -4.56, 17.79, -26.75, -113.52, 1.68, 1.23, 1.02
182839, -4.71, 13.19, 9.64, 17.98, -23.19, -116.27, 2.55, 3.15, 0.68
183085, -0.69, 9.43, -2.21, 20.02, -24.29, -111.96, -1.18, -0.01, -0.53
183332, -0.51, 10.69, -2.13, 26.57, -25.62, -98.07, -0.73, 0.13, -0.61
183592, -1.86, 12.52, -10.20, 27.35, -26.88, -103.29, 0.89, -0.11, 1.47
183840, 4.05, 4.40, -3.14, 20.75, -24.76, -111.63, -1.00, 0.62, -0.06
184086, -5.83, 9.63, -8.41, 19.99, -24.33, -113.62, -1.01, -1.11, 0.34
184334, -1.85, 9.13, -4.48, 21.84, -24.10, -100.29, -1.63, -0.44, -0.75
184582, -1.53, 15.76, 4.03, 31.22, -25.97, -93.88, 1.95, 0.51, -0.17
184827, -0.15, 6.61, -5.68, 20.10, -25.31, -111.12, 1.36, 1.87, 0.87
185075, -1.19, 8.25, 1.45, 16.03, -24.29, -113.26, 0.03, 0.34, -0.09
185321, -2.34, 8.14, -2.44, 19.29, -25.15, -106.12, -1.14, -0.13, -0.45
185567, -1.47, 9.31, -2.13, 24.36, -24.42, -96.11, -0.92, -0.14, -0.69
185812, -1.63, 12.99, -7.49, 25.24, -26.51, -104.11, 1.56, 0.87, 1.52
186060, 0.31, 5.44, -2.66, 18.42, -24.39, -111.91, -0.99, -0.03, 0.66
186308, -3.68, 11.02, -12.35, 18.82, -24.14, -113.05, -1.55, -2.12, 0.20
186554, -2.61, 8.88, -2.61, 20.23, -24.23, -101.64, -1.32, -0.97, -0.59
186802, -3.12, 15.92, 5.18, 27.90, -25.36, -100.01, 1.42, -0.17, -0.28
187049, 1.76, 7.14, -4.05, 21.91, -25.01, -111.75, 1.43, 1.75, 0.88
187303, 0.70, 3.68, -1.70, 18.78, -22.49, -114.06, 0.06, 0.00, -0.51
187549, 0.38, 9.24, -1.57, 20.74, -23.49, -107.51, -1.36, -0.50, -0.50
187797, 0.14, 10.97, 1.27, 27.16, -23.76, -97.27, -0.78, -0.34, -0.72
188045, 2.75, 8.29, -3.43, 21.28, -25.10, -111.24, 1.86, 1.09, 1.31
188291, -4.55, 9.55, 5.44, 20.55, -20.89, -115.90, -0.13, 1.28, 0.22
188538, -0.80, 9.45, -1.39, 21.91, -23.60, -110.06, -0.96, -0.45, -0.54
188786, -1.15, 9.58, -2.88, 26.35, -24.04, -99.66, -1.03, -0.09, -0.75
189040, -0.67, 12.75, -9.95, 29.22, -26.59, -107.40, 0.72, -0.81, 1.85
189288, 6.07, 7.00, -0.27, 27.23, -23.55, -113.83, -0.32, 0.06, 0.22
189536, -3.05, 9.35, -10.24, 27.62, -24.61, -112.12, -1.41, -1.74, 0.04
189784, -2.31, 8.75, -3.31, 29.76, -22.71, -97.73, -1.54, -1.00, -0.58
190029, -1.17, 17.01, 0.66, 35.02, -20.94, -89.62, 1.41, 0.14, -0.12
190277, 0.43, 6.30, -6.09, 17.70, -22.38, -108.80, 1.68, 1.65, 1.08
190523, 2.90, 8.23, 5.08, 16.34, -20.77, -112.54, 0.62, 0.38, -0.56
190777, 0.87, 9.11, -1.77, 18.62, -22.04, -105.17, -1.53, -0.91, -0.53
191025, -1.22, 11.76, 0.36, 26.72, -22.19, -93.09, -0.59, -0.37, -0.44
191272, -1.56, 9.20, -4.90, 21.73, -24.32, -110.04, 1.77, 0.70, 1.58
191520, -4.70, 8.97, 4.92, 16.46, -21.25, -115.59, 0.67, 1.99, 0.85
191766, -3.19, 8.55, -1.67, 19.54, -22.84, -109.25, -1.01, 0.02, -0.57
192014, -0.47, 9.17, -4.46, 25.40, -22.76, -95.82, -1.61, 0.16, -0.96
192262, 1.96, 13.21, 2.31, 31.85, -24.77, -95.89, 1.78, -0.04, 0.09
192516, 2.74, 6.31, -3.56, 22.36, -24.06, -111.05, 1.26, 1.13, 0.16
192763, 1.58, 16.46, 5.03, 25.86, -19.58, -113.01, 0.46, 1.27, 0.05
193009, 0.96, 9.55, -0.45, 23.85, -21.85, -104.69, -1.60, -1.93, -0.43
193257, -0.91, 10.76, 0.07, 30.05, -21.56, -96.05, -0.63, 0.32, -0.63
193505, 0.02, 9.41, -3.52, 28.82, -23.57, -102.75, 1.34, 1.17, 0.86
193751, -2.16, 9.92, -1.68, 23.56, -23.17, -103.55, 0.88, 0.29, 0.91
193998, -2.36, 9.67, -3.98, 25.10, -22.79, -102.51, -0.56, -1.05, -0.16
194246, -1.22, 9.37, -3.14, 29.83, -20.71, -93.88, -0.75, 0.32, -0.72
194500, -2.58, 14.35, -0.13, 38.79, -16.25, -87.88, 0.37, 1.18, -0.74
194748, 0.71, 9.86, -4.89, 29.73, -22.93, -91.22, 1.70, 2.34, 1.54
194994, -0.78, 9.09, 5.97, 19.16, -22.67, -87.85, 0.57, 2.67, -0.95
195241, 0.98, 9.43, -1.71, 22.22, -19.99, -80.33, -0.88, 0.32, -0.68
195487, 1.41, 9.45, -2.28, 26.41, -11.71, -71.85, -0.80, -0.13, -0.75
195860, -0.52, 8.40, -5.30, 17.64, -18.69, -73.18, 1.76, 2.15, 0.86
196251, -2.33, 8.81, -8.76, 4.05, -20.13, -76.67, -1.13, -0.01, 0.08
196507, -1.63, 9.11, -3.69, 8.04, -12.60, -66.34, -1.11, 0.65, -0.67
196755, -5.23, 16.07, -0.79, 13.14, -9.34, -61.55, 0.90, 1.02, -0.12
197001, 0.34, 8.45, -4.59, 2.92, -20.70, -73.78, 1.35, 1.54, 0.75
197249, -2.02, 8.70, 5.88, -9.41, -19.60, -81.00, 0.45, 1.16, -0.31
197494, -2.87, 9.41, -0.19, -7.85, -18.08, -76.72, -0.83, 0.14, -0.39
197742, -1.27, 9.29, -2.50, -2.88, -12.07, -66.59, -0.92, 0.46, -0.66
197988, 0.03, 12.48, 3.01, 5.01, -15.26, -64.67, 1.77, 0.34, 0.07
198242, 0.82, 6.43, -4.42, -10.35, -19.66, -80.23, 0.96, 2.01, 0.60
198490, -0.37, 1.65, -2.50, -19.37, -17.04, -88.82, -0.91, -0.32, 0.13
198739, -0.04, 9.24, -1.44, -16.28, -15.38, -81.69, -1.40, -0.59, -0.40
198989, 1.16, 10.50, -0.26, -7.21, -12.00, -68.63, -1.05, -0.85, -0.62
199237, -1.92, 10.54, -6.14, -8.62, -16.12, -76.02, 1.81, 1.69, 1.34
199483, -2.11, 13.94, -0.95, -19.56, -15.02, -91.67, 0.66, 0.46, 0.83
199731, -4.56, 10.49, -4.10, -21.67, -14.02, -95.66, -0.39, -0.38, 0.25
199987, -2.08, 9.24, -3.36, -17.26, -14.54, -82.33, -1.28, -0.39, -0.82
200235, 0.50, 10.07, 4.93, -7.19, -18.23, -75.83, 3.12, 0.44, -0.15
200480, 0.41, 7.76, -5.84, -19.31, -18.44, -92.94, 1.11, 2.74, 0.62
200728, -1.85, 8.79, 2.15, -23.81, -12.76, -110.26, 0.69, 1.22, 0.07
200976, -0.94, 9.18, -2.50, -22.11, -15.29, -105.10, -1.13, 0.29, -0.37
201222, -1.08, 10.38, -0.19, -15.92, -20.99, -91.67, -1.18, -0.02, -0.94
201469, -1.67, 12.22, -7.79, -10.87, -23.98, -94.01, 0.43, 0.46, 1.13
201717, 4.07, 7.63, -3.40, -14.28, -17.45, -111.96, -0.71, 1.15, -0.23
201971, 0.11, 9.76, -1.24, -13.23, -16.02, -115.74, -0.45, 1.30, 0.04
202219, -0.02, 9.51, -3.08, -10.08, -21.82, -103.95, -1.18, -0.10, -0.57
202467, 2.87, 13.62, -1.03, -5.89, -25.49, -99.55, 1.66, -1.86, 0.58
202713, 1.94, 4.87, -3.48, -19.07, -13.86, -109.95, 0.15, -0.07, 0.21
202960, -3.25, 11.63, 7.98, -25.01, -9.12, -111.94, 0.91, 1.96, -0.31
203208, -0.82, 9.17, -1.34, -26.22, -12.82, -99.88, -1.18, -1.67, -0.30
203454, -2.37, 10.64, 0.32, -18.50, -16.71, -80.66, -0.59, -1.12, -0.43
203732, 2.26, 8.18, -4.24, -20.01, -18.09, -84.27, 1.78, 0.25, 0.75
203980, -2.65, 9.30, 14.96, -26.91, -13.83, -92.77, 1.68, 2.74, -0.97
204226, -1.30, 9.14, -1.89, -23.56, -16.12, -87.84, -1.10, -0.60, -0.48
204474, -0.52, 10.30, -1.52, -14.62, -12.01, -69.48, -0.61, -0.20, -0.52
204722, -3.00, 12.38, -8.53, -6.39, -18.94, -71.79, 1.03, -2.58, 1.63
204967, 2.97, 4.99, -2.10, -18.84, -18.42, -86.99, -0.72, 0.12, 0.28
205215, 6.92, 1.97, -3.91, -20.23, -17.70, -91.55, -1.87, -2.78, -0.02
205469, -3.26, 8.67, -3.47, -15.48, -15.05, -75.15, -1.34, -1.13, -0.53
205715, -7.02, 10.37, -4.06, -5.47, -13.42, -64.79, -0.84, -1.01, -0.34
205963, 1.31, 9.58, -4.17, -9.62, -19.61, -76.86, 1.68, 0.32, 1.46
206209, -3.22, 9.73, 12.96, -20.18, -17.36, -90.37, 1.96, 3.34, -0.30
206456, -1.40, 9.17, -2.48, -16.72, -18.14, -83.38, -0.97, 0.09, -0.47
206702, -1.10, 9.59, -1.80, -9.56, -13.59, -69.32, -1.27, -0.23, -0.71
206950, -0.99, 12.87, -4.64, -2.37, -18.39, -66.49, 1.44, -2.39, 1.26
207206, 4.61, 3.54, -3.30, -16.22, -20.64, -85.02, -0.26, 1.27, -0.21
207452, 6.39, 6.03, -4.37, -18.11, -20.48, -91.52, -1.12, -1.21, -0.01
207699, -1.65, 8.94, -2.58, -15.62, -16.75, -75.61, -1.49, -1.22, -0.57
207947, -6.61, 12.08, -5.74, -5.38, -14.32, -65.26, -0.87, -0.71, -0.17
208193, -0.13, 10.99, -4.47, -9.47, -20.59, -75.30, 1.87, 0.64, 1.31
208441, -2.46, 7.57, 10.84, -21.08, -18.28, -92.79, 1.38, 2.32, -0.15
208689, -1.17, 9.33, -2.72, -18.68, -18.88, -86.38, -1.05, -0.38, -0.56
208943, -0.44, 10.30, -1.40, -10.77, -16.73, -70.33, -1.00, 0.11, -0.67
209190, 0.15, 11.31, -6.70, -5.42, -20.53, -71.89, 0.90, -1.73, 0.78
209436, 3.33, 3.75, -3.04, -17.85, -20.39, -89.46, -0.50, 0.86, 0.00
209684, 4.45, 3.27, -2.15, -21.06, -19.42, -92.74, -0.99, -0.12, -0.71
209932, -1.55, 8.89, -2.85, -19.19, -18.04, -82.43, -1.28, -0.90, -0.44
210178, -6.10, 11.40, -1.63, -10.45, -17.01, -69.37, -0.63, -0.93, -0.36
210425, 0.38, 7.82, -5.81, -11.36, -21.02, -77.78, 1.31, 0.51, 1.01
210681, 0.03, 7.94, 5.79, -22.51, -16.60, -86.92, 1.14, 0.91, -0.51
210927, -3.09, 10.87, -4.01, -18.27, -15.96, -78.43, -1.04, -0.95, 0.24
211175, -0.22, 8.68, -3.06, -11.14, -11.17, -65.46, -0.53, -0.45, -0.22
211423, 0.10, 12.32, -4.74, 1.02, -16.46, -64.16, 1.19, -2.46, 0.63
211668, 0.54, 5.08, -3.40, -2.15, -22.35, -76.13, 0.14, -0.95, 0.31
211916, 2.69, 9.42, 1.72, -2.03, -24.86, -80.53, -0.76, -1.53, -0.21
212164, -1.13, 9.38, -2.16, 4.60, -17.89, -67.22, -1.37, -1.79, -0.52
212410, -2.17, 9.18, -2.44, 15.32, -12.31, -62.91, -0.24, -0.92, -0.43
212664, 0.62, 8.29, -2.67, 21.48, -23.24, -74.45, 1.76, 0.01, 1.05
212912, -6.11, 10.48, 2.26, 10.52, -25.05, -80.63, 1.23, 0.66, 0.97
213157, -0.43, 10.46, -2.14, 12.83, -26.63, -83.06, -0.58, -0.20, -0.36
213405, -1.00, 9.35, -3.18, 20.17, -19.12, -73.12, -1.10, -0.72, -0.58
213655, 0.88, 16.72, 3.16, 30.21, -22.46, -77.07, 2.64, -1.58, 0.40
213905, 0.14, 4.48, -3.49, 24.10, -27.67, -101.20, 0.09, 0.39, -0.06
214153, 1.88, 6.67, 2.00, 20.67, -26.37, -106.12, 0.22, 2.54, -0.34
214407, -2.67, 8.50, -2.62, 20.61, -26.02, -98.92, -1.51, -2.20, -0.46
214654, -3.38, 14.97, -3.62, 29.52, -26.63, -91.14, -0.27, -0.93, -0.13
214902, -1.37, 6.58, -3.73, 19.00, -26.95, -113.90, 1.49, -0.95, 0.88
215148, -5.07, 9.17, 7.95, 11.52, -23.62, -117.66, -0.02, 0.52, 0.61
215396, -3.58, 9.59, -3.98, 13.17, -25.43, -112.51, -1.02, 0.06, -0.53
