Josh bad walking 2: Motion data
2035, -1.42, 8.66, -4.79, -12.93, -11.75, -71.08, -0.42, -0.16, -0.09
2279, -0.65, 8.55, -5.14, -12.63, -10.71, -69.13, 0.13, 0.12, 0.03
2527, -0.65, 8.63, -3.99, -14.00, -10.74, -70.89, -0.17, -0.05, 0.02
2772, -1.24, 8.89, -4.62, -12.25, -11.03, -69.50, -0.25, -0.15, -0.19
3020, -0.29, 9.13, -4.08, -8.86, -8.71, -65.73, -0.45, -0.29, -0.33
3266, 0.06, 9.79, -2.19, -3.33, -11.81, -65.36, 0.47, -0.05, -0.09
3514, -0.15, 9.72, -1.74, -6.97, -15.02, -70.64, 0.82, 0.51, 0.50
3768, -0.66, 8.65, -1.39, -15.32, -16.68, -83.46, 0.41, 0.35, 0.22
4016, -3.31, 9.00, -3.25, -15.38, -15.43, -79.63, -0.93, -0.77, 0.20
4263, -1.98, 9.38, -1.37, -10.26, -13.04, -70.39, -0.49, 0.23, -0.34
4511, 0.56, 10.20, -3.77, -2.53, -12.64, -65.21, 0.81, -1.14, 0.08
4757, -0.35, 9.59, -2.08, -5.96, -14.56, -69.94, 1.29, 0.30, 0.58
5005, 1.04, 9.10, -1.43, -16.28, -16.21, -83.57, 0.46, 0.46, 0.24
5251, -1.70, 9.68, -6.47, -19.34, -14.53, -82.08, -0.88, -1.02, 0.25
5498, -0.65, 8.65, -4.42, -14.24, -12.22, -71.82, -0.89, -0.32, -0.60
5752, -2.39, 13.15, -3.14, -7.04, -10.89, -65.45, -0.18, -0.31, -0.34
6000, 0.53, 9.10, -3.95, -8.67, -15.24, -71.43, 1.23, 0.98, 0.13
6250, 1.12, 6.80, -3.36, -18.80, -15.32, -87.23, 0.03, 0.91, -0.05
6500, -1.00, 9.16, -4.42, -18.18, -13.93, -79.52, -0.72, 0.06, -0.41
6746, -1.55, 10.72, -2.50, -11.36, -9.30, -67.57, -0.88, -0.84, -0.25
6993, 5.96, 10.08, -3.45, -4.62, -12.85, -66.84, 0.52, 0.36, -0.82
7241, -0.55, 8.93, -6.17, -10.55, -16.68, -80.28, 1.55, 2.21, 0.62
7497, 4.39, 9.85, 2.45, -15.51, -16.87, -88.32, -0.21, 0.24, -0.48
7743, -2.47, 9.13, -3.93, -11.27, -13.88, -75.84, -1.06, -0.62, -0.38
7991, -3.01, 10.07, -3.04, -5.12, -11.28, -68.74, -0.47, -0.07, -0.36
8239, 6.70, 9.19, -8.36, -2.05, -13.81, -67.96, 0.15, 1.44, -0.28
8484, -0.14, 7.47, -4.32, -13.12, -17.63, -80.46, 1.61, 1.58, 0.64
8732, 7.94, 4.16, 3.03, -21.09, -17.54, -89.64, -0.78, -0.12, -1.23
8978, -0.19, 8.87, -5.63, -16.52, -14.72, -72.71, -1.17, -0.68, -0.33
9226, -0.35, 17.36, -6.24, -5.20, -11.81, -60.71, -0.59, -0.34, -0.51
9480, -0.41, 9.56, -3.78, -1.91, -14.92, -64.06, 1.10, 0.19, 0.86
9728, 1.79, 8.38, -0.24, -17.26, -19.45, -82.55, 1.17, 0.43, 0.80
9975, 0.23, 9.56, -7.99, -19.29, -17.00, -80.01, -1.33, -1.18, 0.06
10221, -0.86, 9.19, -5.32, -12.74, -13.48, -68.85, -1.38, -0.80, -0.46
10469, -1.75, 15.67, -6.77, -4.76, -9.06, -61.08, -0.37, -0.10, -0.26
10717, 0.71, 9.92, -2.60, -2.31, -13.61, -64.53, 1.34, -0.01, 0.45
10962, 0.18, 8.06, -0.53, -14.88, -19.75, -84.70, 1.61, 0.82, 0.85
11218, -0.39, 11.95, -3.22, -17.73, -17.67, -83.13, -0.59, -0.68, -0.12
11466, -0.79, 9.45, -2.70, -11.39, -15.49, -71.24, -1.11, 0.20, -0.80
11712, 2.20, 9.64, -1.07, -1.30, -12.34, -63.02, 0.66, -0.58, -0.58
11960, -0.68, 9.41, -5.36, 0.94, -15.93, -66.38, 1.00, -1.12, 1.31
12206, 3.13, 7.63, -1.51, -15.64, -20.42, -89.43, 0.94, 0.80, 0.68
12453, -4.53, 10.14, 0.92, -18.09, -18.15, -84.54, -0.35, -0.35, 1.37
12699, -0.03, 9.02, -3.64, -8.77, -15.30, -68.90, -1.99, -0.66, -0.75
12955, 1.91, 9.32, 0.28, 1.11, -12.80, -61.71, 1.10, -0.64, -0.13
13201, -1.35, 9.10, -3.96, 1.33, -16.78, -67.36, 0.56, 0.89, 0.98
13447, 3.06, 7.97, 0.28, -13.08, -20.89, -83.54, 0.05, 0.00, -0.20
13694, -2.15, 9.98, -4.18, -10.83, -16.82, -72.84, -0.56, -1.47, 0.06
13940, 1.30, 8.64, -3.81, -2.76, -12.29, -62.29, -1.40, -0.25, -0.55
14188, 1.48, 10.06, -3.93, 5.42, -7.50, -56.59, 0.64, -0.55, -0.13
14436, 0.34, 8.78, -1.40, 9.84, -14.47, -63.01, 1.46, -1.66, 0.92
14682, 2.27, 8.56, -1.18, 1.05, -22.14, -74.95, 1.10, 0.77, 0.76
14936, -2.99, 8.96, -7.83, -4.78, -21.29, -73.85, -2.03, -2.01, 0.40
15183, -0.55, 9.02, -4.48, 1.53, -11.87, -62.17, -1.33, -0.01, -0.52
15431, -0.27, 9.44, -4.10, 7.07, -5.52, -56.37, -0.29, -0.70, -0.08
15677, 3.56, 7.76, -3.35, 11.01, -14.22, -60.95, 1.14, -0.44, -0.24
15925, 0.82, 9.91, -3.15, -0.18, -20.83, -71.19, 1.37, 0.60, 0.72
16171, -1.91, 11.39, 1.89, -6.71, -21.59, -76.57, -0.53, -0.59, 0.72
16418, -0.03, 9.49, -3.39, -0.54, -17.90, -67.66, -0.82, -0.64, -0.27
16672, -1.43, 9.55, -1.49, 6.49, -12.15, -60.93, -0.87, -0.23, -0.78
16918, 3.61, 9.53, -4.54, 10.00, -11.81, -60.13, 0.60, 0.39, -0.29
17238, 0.06, 7.98, -2.47, -0.67, -20.11, -71.00, 1.25, -0.17, 0.71
17485, 4.20, 14.54, -1.76, -8.74, -22.05, -78.24, -1.16, 0.08, -0.09
17731, 0.39, 10.22, -3.22, -2.81, -19.51, -69.76, -0.83, -0.34, -0.47
17979, -1.38, 8.89, -0.30, 5.66, -14.67, -62.39, -0.95, -0.20, -1.00
18225, 1.46, 8.74, -4.11, 5.64, -18.11, -66.18, 1.13, 1.01, 0.36
18472, -0.22, 11.32, -1.05, -5.92, -21.02, -73.79, 1.56, 1.15, 0.72
18855, -0.08, 9.31, -6.00, -12.58, -21.29, -78.12, -0.99, -1.06, 0.22
19224, 0.60, 9.19, -2.78, -9.78, -16.73, -69.26, -1.08, 0.33, -0.79
19472, -0.07, 11.03, -3.69, -0.31, -15.38, -62.29, -0.25, -0.81, -0.41
19720, -0.18, 10.10, -2.41, -3.13, -18.31, -67.89, 1.10, 1.17, 0.32
19965, -0.49, 9.65, -3.75, -16.91, -20.65, -85.34, 0.88, 2.50, 0.13
20213, 8.86, 12.97, -2.52, -18.02, -20.52, -103.84, -1.23, -0.17, -0.76
20459, 2.02, 9.74, -1.92, -17.14, -21.59, -95.62, -0.61, 0.37, -0.31
20713, 0.13, 8.60, -4.62, -12.47, -22.84, -87.49, -1.26, -0.17, -0.66
21141, 0.71, 9.20, -3.05, -7.00, -27.05, -96.33, 0.78, 1.14, 0.01
21460, 0.11, 8.48, -0.40, -8.83, -19.99, -117.48, 0.71, 2.14, -0.10
21710, -3.41, 8.96, -0.19, -6.65, -21.56, -115.80, -0.81, 0.02, -0.12
21958, -2.01, 9.26, -2.94, -2.29, -25.78, -106.36, -0.54, 1.40, -0.64
22206, 3.99, 11.44, -4.45, 4.24, -29.83, -98.01, -0.43, -0.87, -0.38
22454, 0.89, 9.68, -3.82, 5.90, -30.01, -103.87, 1.12, 0.95, 0.36
22708, -1.56, 6.75, -3.29, 3.23, -22.00, -120.61, 0.90, 0.63, 0.97
22956, 5.24, 7.56, -1.06, 8.68, -19.73, -124.13, -1.10, -1.43, -0.74
23203, -1.28, 9.59, -2.26, 9.34, -24.20, -116.24, -1.02, -0.20, -0.26
23449, -0.35, 8.75, -2.44, 16.14, -27.70, -106.01, -1.12, -0.02, -0.65
23697, 0.66, 8.62, -6.45, 20.37, -28.98, -101.58, 0.12, 0.17, -0.39
23943, 0.60, 9.52, -1.90, 17.03, -26.05, -112.17, 1.76, 0.54, 0.94
24190, 0.13, 7.60, -0.28, 14.79, -19.95, -122.76, 0.00, 1.50, 0.22
24436, -4.00, 9.00, -0.45, 15.57, -23.56, -117.87, -0.29, 0.40, -0.26
24690, 0.21, 8.85, -3.01, 18.93, -25.97, -110.29, -0.68, 0.42, -0.43
24938, 1.44, 12.61, -2.13, 25.31, -27.35, -101.83, -0.49, -0.92, -0.70
25186, -0.43, 9.55, -1.17, 28.05, -25.11, -104.14, 1.07, 0.53, 0.23
25554, 0.48, 8.17, -0.40, 22.00, -21.09, -116.60, 0.41, 1.44, 0.26
25933, -0.87, 9.61, -2.30, 23.12, -25.04, -107.34, -1.02, -0.43, -0.29
26181, 0.79, 8.97, -3.19, 28.65, -24.86, -98.66, -1.19, -0.55, -0.70
26429, -0.42, 9.13, -5.15, 33.82, -24.00, -95.64, 0.52, -0.37, 0.06
26683, 1.53, 9.20, -3.35, 28.95, -25.14, -103.13, 1.58, -0.17, 0.95
26931, 1.03, 7.90, 1.80, 23.49, -22.48, -115.45, 0.67, 0.77, 0.35
27176, -1.63, 10.63, 0.60, 21.34, -24.41, -109.91, -0.56, -1.01, 0.32
27424, -1.48, 9.33, -2.86, 23.06, -25.86, -102.59, -0.97, 0.37, -0.51
27672, -0.89, 14.42, -6.01, 30.47, -23.68, -91.26, -1.75, -0.74, -0.49
27918, -0.16, 9.39, -5.84, 33.12, -23.46, -99.04, 0.42, -0.52, 0.21
28166, 0.92, 9.18, -3.52, 27.04, -24.76, -106.50, 1.38, 1.53, 0.78
28420, -2.79, 14.86, 3.88, 23.06, -23.44, -112.48, 0.23, 1.08, 0.20
28667, 0.33, 9.78, -0.70, 24.45, -25.24, -103.62, -0.95, -0.26, -0.24
28913, -0.79, 8.24, -2.34, 29.49, -23.74, -96.16, -0.93, -0.17, -0.72
29161, 1.74, 8.60, -5.13, 36.09, -21.40, -95.18, 0.18, -0.16, -0.37
29407, 1.02, 9.65, -2.71, 31.63, -22.93, -101.71, 1.52, 0.54, 0.85
29839, -5.72, 4.33, -8.59, 22.36, -25.52, -104.71, -2.51, -0.99, 0.15
30158, -0.01, 9.44, -3.18, 26.02, -25.33, -95.41, -1.12, -0.43, -0.66
30406, 0.99, 12.31, -1.13, 33.19, -23.84, -90.35, 0.31, -0.31, -0.05
30666, 0.57, 8.57, -4.43, 30.36, -24.39, -100.57, 0.78, 0.03, 0.73
30918, 0.42, 8.04, -0.84, 25.20, -22.32, -110.42, 0.18, -0.33, 0.39
31170, 1.12, 9.85, -3.59, 23.03, -24.10, -108.14, -0.38, -0.11, 0.17
31422, -0.16, 9.07, -2.32, 25.11, -25.59, -99.30, -0.87, 0.47, -0.46
31676, 4.02, 9.86, -3.10, 31.60, -24.35, -91.33, 0.15, -0.30, -0.67
31928, 0.34, 9.84, -1.29, 31.67, -24.31, -98.55, 1.18, -0.36, 0.69
32180, 2.01, 8.44, -0.56, 24.38, -22.89, -113.21, 1.60, 1.46, 0.35
32438, -4.98, 9.72, -7.46, 22.61, -22.87, -113.61, -1.17, -1.75, 0.36
32686, -1.24, 9.23, -1.69, 24.31, -25.72, -106.40, -0.82, -0.03, -0.46
32931, -2.91, 10.14, -3.82, 28.16, -25.01, -98.60, -1.49, -1.02, -0.48
33179, 0.28, 9.71, -2.08, 33.91, -23.82, -99.02, 0.46, 0.20, -0.01
33425, 1.82, 9.14, -2.90, 28.00, -24.63, -107.95, 1.41, 1.21, 0.61
33673, 0.98, 6.01, 0.31, 26.59, -22.73, -113.59, -0.12, -0.25, -0.13
33918, 1.29, 9.31, -2.06, 25.10, -26.21, -113.14, -0.75, -0.36, -0.20
34172, -0.26, 8.56, -3.09, 28.15, -27.74, -106.78, -0.76, -0.29, -0.33
34420, -0.04, 11.44, -2.20, 36.60, -27.76, -97.46, -0.13, -0.63, -0.13
34668, 0.22, 9.87, -2.90, 38.41, -27.95, -107.25, 1.39, 0.78, 0.53
34914, 0.86, 8.53, -1.56, 36.28, -23.87, -104.85, 0.90, 0.70, 0.44
35160, -1.75, 7.64, -6.88, 24.41, -20.13, -96.39, -1.65, -1.91, 0.26
35407, -0.98, 9.17, -2.60, 18.39, -16.46, -91.55, -0.79, -0.03, -0.31
35655, -1.56, 9.07, -2.92, 20.32, -14.85, -90.46, -0.59, -0.43, -0.46
35901, 1.75, 10.10, -4.32, 24.64, -18.85, -95.56, 0.29, 0.40, -0.00
36155, 0.24, 9.65, -3.65, 22.57, -21.38, -104.47, 1.20, 1.24, 0.57
36401, -1.10, 7.70, 1.18, 20.33, -20.10, -113.65, 0.09, 0.59, 0.28
36648, -3.93, 9.38, -0.89, 19.99, -22.08, -107.97, -0.30, 0.35, -0.27
36894, -1.66, 9.48, -2.64, 22.73, -23.47, -104.53, -0.35, 0.16, -0.32
37144, 2.09, 11.91, -3.71, 30.14, -22.43, -97.00, -0.84, -0.60, -0.85
37394, -0.42, 9.20, -2.06, 33.31, -20.84, -98.68, 0.80, -0.36, 0.55
37640, 1.18, 8.78, -2.79, 25.64, -21.46, -108.90, 1.19, 1.20, 0.40
37896, 6.09, 12.65, -2.27, 24.01, -21.69, -110.44, -0.75, -0.24, -0.39
38141, 0.69, 9.09, -2.75, 23.53, -24.17, -106.31, -0.94, -0.36, -0.25
38389, 0.07, 9.12, -3.85, 27.65, -23.11, -97.15, -0.97, -0.36, -0.51
38637, 0.94, 10.86, 0.22, 34.70, -21.81, -90.81, 0.47, -0.45, -0.25
38883, 0.73, 9.08, -2.22, 31.04, -21.94, -101.72, 1.35, -0.11, 0.83
39129, 1.75, 6.91, 0.10, 25.42, -20.23, -111.94, 0.46, 0.97, 0.05
39376, -3.38, 9.21, -1.59, 24.29, -22.67, -107.83, -0.45, 0.30, -0.16
39630, -1.13, 8.83, -3.78, 27.02, -23.09, -99.42, -0.61, 0.61, -0.48
39999, 0.52, 9.11, -4.06, 35.34, -19.89, -91.32, 0.13, -0.60, -0.25
40437, -0.01, 8.47, -2.38, 29.03, -20.94, -106.02, 0.90, 0.74, 0.63
40814, -0.95, 8.58, -1.89, 29.23, -22.41, -95.85, -0.31, 0.57, -0.03
41310, 3.34, 10.16, -3.61, 37.07, -17.39, -84.62, -0.61, -0.49, -0.67
41582, -0.24, 9.26, -1.47, 37.99, -16.02, -83.78, 1.15, 1.20, 0.29
41828, 1.21, 8.07, -1.89, 30.39, -20.15, -87.87, 1.09, 2.03, 0.01
42074, 1.83, 8.04, -4.58, 27.74, -21.32, -82.59, -1.13, -0.85, 0.29
42330, -0.12, 8.97, -2.90, 29.16, -16.92, -77.59, -0.83, -0.38, -0.25
42577, 0.10, 9.08, -5.31, 32.15, -9.46, -70.29, -0.93, -0.07, -0.71
42823, 0.53, 8.80, -4.10, 37.01, -8.70, -72.04, 0.35, -0.24, 0.09
43069, 1.21, 9.06, -2.19, 27.13, -13.78, -70.72, 0.96, 1.81, 0.24
43317, -0.19, 8.01, -2.74, 17.99, -21.06, -77.86, 0.42, 0.76, 0.28
43563, -4.37, 9.21, -1.41, 15.95, -19.29, -74.39, -0.42, 0.08, 0.18
43810, -0.76, 9.21, -2.58, 18.65, -14.10, -67.80, -0.73, 0.51, -0.60
44064, 2.71, 11.67, -0.99, 23.78, -9.51, -64.12, 0.03, 0.21, -0.57
44310, 1.46, 10.00, -4.69, 25.29, -9.70, -64.37, 0.69, 0.61, 0.29
44556, 2.39, 9.56, -0.47, 12.48, -17.73, -69.94, 1.96, 1.42, 0.09
44804, 0.95, 13.11, -0.83, 6.05, -21.70, -77.00, -0.12, 1.48, 0.35
45049, 0.29, 9.23, -1.99, 5.45, -18.82, -71.67, -0.59, -0.14, -0.01
45297, 0.41, 9.46, -1.94, 6.61, -13.53, -65.55, -0.59, -0.02, -0.45
45543, -0.96, 11.99, -2.45, 13.55, -10.39, -61.93, -0.25, -0.73, -0.35
45791, 0.81, 9.97, -3.33, 11.24, -14.85, -63.81, 1.02, 1.09, 0.45
46045, -0.29, 8.37, -2.11, -4.14, -19.85, -75.64, 1.17, 1.59, 0.39
46292, 6.07, 12.21, -0.38, -9.51, -20.87, -81.64, -1.42, -0.52, -0.79
46538, -0.17, 9.69, -3.11, -7.80, -16.97, -74.33, -0.77, -0.46, -0.17
46786, 0.15, 9.22, -1.51, -5.29, -15.59, -69.73, -0.72, -0.58, -0.47
47032, -2.94, 9.93, -5.29, 2.57, -14.37, -65.59, 0.09, 0.87, -0.11
47278, 1.07, 9.36, -0.77, -6.39, -16.34, -72.67, 0.40, 0.29, 0.15
47525, 0.98, 8.34, -1.30, -14.86, -18.53, -86.88, 0.78, 1.27, 0.14
47779, -3.28, 9.60, -1.95, -14.98, -17.10, -82.90, -0.66, 0.03, 0.52
48025, -2.13, 9.48, -1.79, -14.47, -15.29, -78.40, -0.73, 0.21, -0.25
48273, -0.20, 8.83, -2.22, -11.74, -13.31, -74.03, -0.43, -0.52, -0.45
48519, 1.33, 9.66, -2.58, -2.97, -15.49, -70.34, 0.95, 0.69, -0.01
48766, 1.29, 8.13, -3.61, -10.83, -17.06, -79.26, 0.85, 1.01, 0.46
49012, 0.62, 8.89, -1.70, -17.20, -17.17, -92.66, -0.39, 0.41, 0.06
49258, -1.09, 9.11, -1.73, -17.90, -16.25, -90.31, -0.79, -0.22, 0.00
49506, 0.99, 9.38, -2.56, -17.19, -15.83, -86.07, -0.68, 0.28, -0.40
49762, 1.19, 11.52, -1.62, -10.17, -17.25, -77.11, -0.08, -0.69, -0.33
50008, 0.86, 9.81, -1.21, -9.24, -20.17, -80.93, 1.04, 0.31, 0.20
50255, -0.43, 8.30, -2.29, -17.20, -19.20, -94.48, 1.21, 1.43, 0.56
50501, 8.09, 15.42, -2.53, -18.71, -17.36, -106.36, -0.80, -0.79, -0.45
50749, 0.02, 9.50, -1.70, -18.56, -18.75, -97.63, -0.83, 0.07, -0.25
50995, 0.73, 9.39, -1.16, -15.54, -20.55, -91.79, -0.69, -0.24, -0.52
51243, 0.16, 9.92, 0.26, -6.96, -22.70, -81.99, 0.34, 0.28, -0.18
51494, 0.98, 8.92, -4.13, -10.80, -23.27, -93.13, 0.79, 1.15, 0.32
51742, -0.55, 8.74, -0.63, -14.70, -18.72, -109.43, 0.61, 1.47, 0.09
51988, -2.38, 11.02, -2.41, -14.45, -17.03, -111.77, -0.76, -0.26, -0.08
52236, -1.65, 9.36, -2.90, -12.25, -20.23, -107.00, -0.85, -0.08, -0.38
52482, 0.39, 8.92, -2.87, -6.07, -23.68, -99.02, -1.00, -0.26, -0.91
52731, -0.01, 10.44, -4.16, -0.26, -26.19, -93.96, 0.47, -1.09, 0.57
52981, 0.69, 6.51, -4.20, -10.00, -19.63, -108.29, 0.82, 0.32, 0.96
53237, 0.60, 7.41, -1.97, -9.35, -14.28, -117.73, -0.89, -0.46, -0.32
53483, -1.17, 9.33, -2.83, -8.54, -18.05, -109.84, -0.42, 0.45, -0.15
53731, -0.48, 9.79, -0.82, -6.37, -21.22, -103.80, 0.16, 0.12, 0.02
53979, 2.66, 12.04, -1.26, -3.83, -24.44, -102.34, 0.19, -1.33, -0.07
54224, 3.94, 8.94, -0.07, -8.83, -22.00, -106.40, 0.83, -0.74, 0.41
54472, 0.13, 8.46, -0.21, -17.36, -16.33, -109.25, 0.43, -1.37, 0.15
54718, -0.01, 10.61, -4.01, -20.80, -16.71, -100.26, -1.33, -1.00, -0.06
54974, -2.46, 9.26, -2.31, -20.48, -17.44, -88.63, -0.89, -0.29, -0.25
55220, -2.83, 11.29, -3.77, -15.61, -19.63, -80.94, -0.78, -0.65, -0.40
55468, 5.04, 10.91, -4.17, -11.56, -22.08, -79.80, 0.68, 0.33, 0.02
55715, -0.57, 7.73, -2.31, -18.39, -19.50, -84.60, 0.40, 0.07, 0.65
55961, -0.44, 6.85, 0.05, -20.51, -19.23, -94.37, -0.61, -0.93, 0.12
56209, 0.52, 8.46, -1.40, -19.57, -18.28, -86.29, -0.49, -0.13, -0.23
56455, 0.60, 9.45, -1.88, -15.71, -17.61, -78.34, -0.60, 0.08, -0.49
56702, -1.77, 11.23, -1.76, -4.78, -17.47, -67.74, -0.27, -1.20, -0.35
56958, 0.47, 8.78, -3.54, -5.39, -19.82, -73.44, 0.89, 0.53, 0.52
57204, 1.45, 5.78, 1.29, -13.14, -21.31, -87.81, 1.60, 0.21, 0.29
57452, -3.28, 2.61, -4.38, -14.72, -20.55, -87.07, -2.06, -1.87, -0.58
57698, -1.77, 9.36, -2.34, -14.45, -18.42, -80.06, -0.86, -0.32, -0.32
57946, -1.06, 9.29, -1.19, -8.52, -16.38, -71.29, -0.97, -0.46, -0.58
58191, 2.97, 9.39, -5.11, 0.96, -17.66, -67.67, 0.57, 0.25, 0.19
58439, 1.19, 8.22, -2.21, -6.90, -20.33, -76.91, 0.87, 0.44, 0.65
58693, 0.42, 8.03, 0.94, -15.05, -20.20, -85.79, 0.92, -0.35, 0.35
58939, -2.49, 9.49, -0.87, -13.61, -19.58, -81.16, -0.32, 0.00, -0.47
59187, -0.63, 9.31, -2.36, -9.43, -17.68, -74.07, -0.84, 0.00, -0.47
59432, 0.57, 11.48, -1.81, 0.32, -14.76, -65.19, -0.86, -0.97, -0.77
59680, 2.06, 9.17, -3.61, 1.81, -19.32, -70.04, 1.09, -0.03, 0.71
59926, 0.06, 8.96, -0.55, -7.83, -21.63, -80.43, 1.15, 0.37, 0.33
60174, 3.56, 15.66, 2.99, -10.74, -20.51, -82.90, -0.54, 0.93, -0.73
60434, -1.20, 9.31, -3.39, -5.99, -17.92, -72.30, -0.71, -0.15, -0.41
60686, 0.56, 8.96, -0.97, -1.26, -15.32, -66.50, -0.68, -0.35, -0.62
60938, 2.31, 9.76, -4.16, 8.08, -16.35, -63.86, 0.58, -0.75, 0.37
61190, 1.22, 8.40, -1.63, -0.67, -21.57, -74.20, 0.88, 0.36, 0.79
61442, 2.77, 7.70, 4.00, -6.78, -23.21, -83.00, 0.54, 0.12, -0.09
61693, -2.23, 10.24, -0.59, -3.89, -21.56, -76.50, -0.45, -0.63, -0.08
61945, -1.54, 8.86, -2.01, -1.34, -17.66, -68.94, -0.56, 0.19, -0.31
62199, 1.69, 13.12, -3.33, 7.64, -11.31, -60.45, -1.16, -0.89, -0.79
62457, 2.55, 8.59, -3.81, 13.37, -16.69, -64.44, 1.02, 0.14, 0.57
62705, 1.30, 8.92, -0.63, 2.88, -23.82, -75.43, 1.69, 0.70, 0.43
62951, 0.87, 18.38, 3.67, -0.45, -23.25, -78.16, 0.71, 0.86, 0.22
63197, 0.17, 9.62, -2.28, 2.12, -18.31, -69.42, -1.15, -0.21, -0.40
63444, 0.40, 9.43, -2.37, 6.88, -13.26, -62.22, -0.99, -0.37, -0.60
63690, -1.55, 11.09, -4.13, 16.94, -12.22, -60.57, 0.48, -1.02, 0.20
63938, 0.95, 8.09, -3.73, 5.86, -21.18, -71.41, 1.41, 0.81, 0.73
64192, -0.67, 10.66, 0.02, -2.67, -23.40, -79.30, 0.49, 0.67, 0.09
64440, 0.44, 9.16, -6.84, -1.42, -22.30, -76.18, -1.12, -0.92, -0.24
64686, -1.03, 9.25, -3.25, 3.51, -16.57, -66.21, -0.99, -0.46, -0.38
64933, -3.43, 7.88, -4.07, 10.35, -9.57, -59.31, -1.10, -0.98, -0.44
65181, 3.15, 11.66, -5.53, 10.11, -12.29, -59.97, 1.35, 1.02, 0.19
65427, 0.51, 7.34, -2.77, 2.57, -21.98, -72.57, 1.28, 0.62, 0.69
65675, -0.14, 12.39, 6.96, -6.18, -23.88, -82.81, 0.89, 1.31, 0.34
65921, -0.01, 9.16, -1.96, -3.81, -20.08, -73.21, -0.78, 0.27, -0.25
66174, 1.01, 9.35, -2.07, -2.10, -16.30, -67.25, -0.66, 0.11, -0.48
66422, 0.66, 12.60, -2.80, 8.54, -12.01, -59.57, -0.70, -0.97, -0.56
66670, 0.43, 9.98, -4.50, 5.67, -17.76, -65.86, 1.32, 1.07, 0.69
66916, 0.78, 7.41, -1.99, -10.68, -22.83, -82.14, 1.61, 1.36, 0.57
67164, 1.92, 15.47, 6.74, -17.92, -20.83, -92.66, 1.12, 3.19, 0.53
67409, -0.19, 9.51, -2.57, -15.93, -21.21, -83.48, -0.97, 0.31, -0.29
67659, 0.92, 7.42, -2.08, -14.38, -21.92, -83.40, -0.27, 0.66, -0.49
67919, -0.06, 8.76, -3.68, -5.66, -23.57, -76.24, -0.19, 0.80, -0.79
68165, 0.99, 9.29, -3.20, -8.59, -25.29, -87.24, 1.35, 0.89, 0.37
68413, -1.69, 8.22, -2.46, -17.29, -20.53, -102.48, 0.48, 0.77, 0.54
68659, 3.33, 6.81, -3.11, -14.63, -20.32, -109.03, -1.39, -0.34, -0.67
68907, -2.23, 9.30, -2.21, -11.79, -23.66, -101.83, -0.26, -0.15, 0.01
69154, 0.36, 9.33, -1.88, -8.71, -25.83, -101.53, -0.61, 0.02, -0.51
69402, 0.45, 10.62, -0.97, -1.01, -28.25, -93.19, -0.10, -0.61, -0.37
69650, 1.01, 9.54, -3.02, -3.24, -26.88, -104.31, 1.29, 1.19, 0.45
69904, 0.07, 6.78, 0.13, -5.19, -18.78, -122.58, 0.79, 2.11, -0.05
70150, -2.41, 11.08, -4.08, -3.04, -20.90, -119.07, -0.77, -0.19, 0.46
70653, 0.77, 8.88, -2.76, 7.06, -28.15, -108.59, -0.96, 0.12, -0.71
70932, 2.94, 10.79, -4.84, 12.03, -29.42, -104.78, 0.95, 0.30, 0.13
71180, 1.80, 8.78, -1.98, 9.76, -24.33, -117.36, 1.20, 0.77, 0.69
71426, 0.56, 8.05, 0.01, 9.27, -18.74, -125.08, -0.21, 1.24, 0.15
71673, -2.50, 10.11, -1.75, 12.80, -24.14, -116.49, -0.08, 0.60, -0.30
71929, 0.08, 9.22, -2.41, 16.54, -26.41, -109.95, -0.56, 0.76, -0.56
72175, 5.09, 11.59, -1.69, 24.74, -27.57, -104.27, -0.11, -0.33, -0.56
72423, 1.39, 9.05, -3.24, 26.24, -25.83, -108.23, 0.79, 0.52, 0.23
72669, 0.11, 8.40, -2.60, 21.06, -23.69, -114.47, 1.50, 0.73, 0.77
72916, -1.43, 18.75, 4.07, 20.49, -21.54, -117.92, 0.78, 1.15, 0.06
73162, -0.86, 9.45, -2.35, 21.48, -24.19, -113.05, -0.79, 0.09, -0.26
73410, -0.07, 9.07, -1.53, 25.62, -24.83, -103.45, -0.75, 0.26, -0.56
73664, 0.06, 9.82, -2.85, 32.75, -24.55, -100.85, 0.41, -0.48, 0.07
73912, 1.68, 9.27, -2.63, 29.67, -23.49, -105.13, 1.16, 0.57, 0.66
74158, 0.67, 9.56, 2.12, 23.41, -22.38, -113.80, 1.50, 0.98, 0.23
74405, -0.73, 5.48, -6.92, 23.41, -22.52, -113.88, -1.81, -1.37, 0.10
74651, -1.32, 9.39, -1.86, 24.93, -24.86, -104.31, -0.98, -0.72, -0.32
74899, -1.50, 9.46, -1.65, 29.98, -24.48, -95.57, -0.98, -0.34, -0.60
75147, 2.29, 9.28, -3.73, 31.72, -24.95, -100.09, 0.99, 0.68, -0.03
75393, 1.18, 7.96, -2.45, 26.76, -23.15, -108.71, 0.81, 0.72, 0.45
75649, 0.98, 3.73, -1.05, 23.22, -21.22, -114.94, -0.83, -0.40, -0.35
75896, -1.73, 9.34, -1.75, 22.49, -23.82, -110.23, -0.97, -0.01, -0.18
76142, 1.36, 9.16, -2.23, 24.98, -25.18, -102.08, -0.66, 0.07, -0.37
76390, 1.59, 14.18, -2.59, 30.66, -24.80, -93.58, -0.17, -0.14, -0.63
76638, 1.71, 9.50, -4.18, 31.23, -24.73, -99.06, 1.07, -0.55, 0.68
76883, 1.90, 7.24, -1.15, 26.13, -23.05, -110.08, 1.77, 0.95, 0.39
77131, 4.45, 8.18, -2.16, 26.47, -21.81, -111.60, -1.76, -1.36, -0.28
77385, -0.77, 9.29, -2.26, 26.10, -24.70, -104.12, -1.11, -0.60, -0.36
77631, -0.23, 9.30, -1.88, 30.40, -23.34, -96.52, -0.61, -0.49, -0.46
77879, -0.85, 9.45, -2.41, 36.48, -22.52, -96.26, 0.43, -0.41, 0.09
78127, 1.64, 8.89, -4.06, 30.50, -23.66, -104.40, 1.36, 0.31, 0.78
78372, 1.53, 8.74, 1.81, 26.24, -21.24, -112.12, 0.03, 0.66, 0.01
78620, -1.21, 9.54, -1.97, 23.98, -23.17, -107.91, -0.42, 0.41, -0.30
78866, -0.68, 9.49, -2.38, 27.07, -23.49, -100.58, -0.74, 0.30, -0.50
79122, -4.14, 12.30, -5.77, 31.29, -23.09, -96.39, -0.98, -1.08, -0.22
79370, 2.18, 9.84, -3.86, 33.60, -23.78, -100.45, 1.09, -0.18, 0.31
79616, 1.40, 6.98, -2.29, 25.33, -23.15, -108.93, 1.24, 0.41, 0.80
79863, -1.31, 19.58, 4.43, 23.46, -21.24, -113.14, 0.62, 0.11, 0.09
80109, -0.83, 9.39, -1.04, 25.23, -23.55, -105.07, -1.04, -0.18, -0.28
80357, -0.03, 9.53, -2.06, 30.31, -22.17, -96.36, -0.80, -0.55, -0.51
80603, -1.26, 9.46, -5.89, 35.03, -22.76, -98.64, 0.12, 0.77, -0.22
80850, 1.55, 8.74, -3.08, 33.50, -23.41, -102.98, 0.86, -0.14, 0.56
81104, 1.06, 8.23, 2.10, 28.59, -21.27, -112.41, 0.80, 0.31, 0.02
81352, 1.10, 10.13, -1.57, 26.29, -22.92, -112.04, -0.65, -0.34, 0.26
81598, -1.88, 9.60, -2.51, 27.16, -24.70, -104.87, -0.79, 0.21, -0.27
81846, 0.03, 9.28, -0.78, 31.76, -24.41, -98.42, -0.44, -0.48, -0.40
82092, 2.16, 10.52, -1.86, 33.88, -24.79, -102.40, 1.26, -0.24, 0.11
82339, 1.17, 7.48, -2.25, 27.02, -23.84, -116.30, 0.73, 0.85, 0.49
82587, -2.81, 19.60, 10.81, 30.34, -20.93, -119.15, 3.64, 2.09, 0.54
82847, -0.68, 9.59, -1.22, 34.26, -25.56, -114.07, -0.86, -0.33, -0.22
83095, 1.03, 9.32, -1.63, 39.70, -25.48, -102.50, -0.90, -0.13, -0.60
83341, 0.51, 11.07, -0.52, 44.78, -22.61, -98.86, 0.69, -1.54, 0.18
83589, 2.33, 8.65, -1.52, 30.43, -18.90, -98.93, 1.05, 0.39, 0.51
83834, 0.49, 8.51, 1.69, 19.94, -18.24, -108.70, 0.56, 0.87, 0.06
84082, -1.21, 9.39, -2.36, 18.59, -18.71, -106.91, -1.08, -0.55, 0.20
84330, -0.65, 9.79, -2.60, 23.46, -20.32, -99.75, -1.20, -0.23, -0.54
84584, -2.61, 18.63, -4.14, 31.10, -20.40, -93.58, -0.08, 0.47, -0.05
84832, 2.57, 9.99, -2.88, 31.79, -21.97, -97.73, 1.04, -0.33, 0.58
85078, 0.47, 7.38, -0.49, 25.88, -21.29, -108.78, 1.18, 0.59, 0.32
85325, -0.75, 6.94, -1.00, 24.32, -19.73, -111.40, -1.07, 0.13, 0.08
85571, 1.05, 9.04, -1.88, 25.90, -22.58, -104.91, -1.03, -0.55, -0.11
85819, 1.07, 9.71, -2.07, 29.45, -21.86, -95.44, -0.85, -0.27, -0.56
86067, -0.26, 10.57, -7.26, 33.95, -21.56, -96.96, -0.26, -0.43, 0.07
86312, 0.58, 9.00, -3.17, 30.80, -22.23, -104.11, 0.80, -0.60, 0.53
86568, 0.89, 7.19, 1.19, 26.91, -20.04, -111.72, 0.42, 0.19, 0.00
86814, 3.38, 1.22, -2.20, 26.29, -19.73, -111.77, -2.18, -2.07, -0.48
87062, -1.06, 9.08, -3.26, 26.48, -22.07, -104.52, -1.20, -0.50, -0.60
87310, -0.34, 8.83, -1.63, 32.90, -19.41, -94.02, -0.98, -0.33, -0.64
87556, 0.93, 10.25, -5.24, 35.24, -20.18, -96.43, 0.80, 1.19, 0.36
87803, 1.97, 8.53, -1.84, 28.68, -21.72, -104.28, 1.45, 0.20, 0.55
88051, 0.20, 6.40, 3.04, 26.88, -19.89, -110.99, 0.35, 0.66, -0.15
88305, -0.15, 9.32, 0.58, 26.38, -21.66, -106.71, -0.18, 0.98, -0.32
88551, 0.47, 9.57, -0.53, 29.30, -21.09, -98.58, -0.46, 1.15, -0.55
88799, -1.16, 14.13, 0.85, 36.14, -20.24, -94.40, 0.60, 0.07, -0.15
89044, 1.03, 9.51, -1.59, 35.40, -18.71, -90.34, 0.67, 1.16, 0.09
89292, 1.74, 8.22, -2.09, 30.53, -21.50, -90.85, 0.64, 1.12, 0.07
89538, 0.04, 8.18, -0.32, 27.02, -20.65, -88.57, -0.35, 0.92, 0.10
89786, -0.08, 9.19, -1.20, 25.04, -20.17, -82.26, -0.48, 0.23, -0.12
90034, 0.68, 9.40, -2.09, 26.48, -16.49, -75.80, -0.59, -0.01, -0.29
90304, 1.45, 12.64, -1.10, 32.53, -13.68, -74.03, 0.92, -0.13, -0.23
90552, 1.87, 8.51, -2.49, 27.21, -16.34, -74.33, 0.58, 1.11, 0.04
90798, -1.01, 8.43, -2.52, 20.02, -21.62, -79.29, -0.04, -0.12, 0.29
91045, -1.24, 7.92, 1.13, 10.93, -22.81, -80.34, -0.34, 0.56, 0.42
91291, -1.01, 8.96, -1.29, 8.80, -19.72, -73.69, -0.47, 0.51, -0.38
91537, -0.94, 9.16, -2.49, 10.51, -13.86, -66.90, -0.72, 0.10, 0.01
91785, 1.05, 11.87, 0.11, 15.96, -10.93, -63.08, -0.04, -0.88, -0.22
92039, 0.71, 8.76, -1.91, 15.92, -16.50, -67.06, 0.77, 0.30, 0.19
92284, -0.66, 8.40, -0.32, 8.07, -23.65, -79.17, 0.79, 0.65, 0.32
92530, 0.77, 14.98, 5.87, -0.39, -23.06, -82.96, -1.00, 1.70, -0.47
92778, 0.75, 9.11, 0.60, 0.80, -20.27, -74.89, -0.60, -0.15, -0.18
93024, -1.26, 9.55, -2.18, 1.65, -16.62, -69.04, -0.97, -0.18, -0.40
93272, -2.32, 10.83, -6.02, 5.93, -14.62, -65.20, 0.08, 1.68, 0.21
93517, -0.97, 8.82, -2.48, -2.92, -18.96, -72.90, 0.58, 0.15, 0.55
93771, -0.05, 8.39, 1.17, -10.52, -21.31, -86.55, 0.29, 0.73, 0.20
94019, -2.37, 9.30, -1.59, -12.44, -19.56, -83.54, -0.60, -0.27, 0.35
94265, -2.25, 9.48, -1.35, -10.36, -18.15, -78.14, -0.76, 0.32, -0.24
94513, -5.40, 12.26, -3.45, -6.97, -14.28, -70.21, -1.38, -0.44, -0.36
94760, 1.47, 9.70, -3.61, -4.12, -18.68, -73.94, 1.05, -0.02, 0.37
95006, 1.60, 6.99, 2.15, -13.91, -19.83, -88.78, 1.62, 1.47, -0.06
95254, 6.35, 6.93, -0.97, -15.59, -18.62, -93.00, -1.28, -1.84, -0.53
95500, -0.21, 9.51, -1.54, -14.64, -17.23, -83.06, -0.85, -0.71, -0.27
95754, -2.09, 9.58, -2.67, -11.69, -14.54, -76.05, -1.12, -0.83, -0.64
96002, -0.50, 10.08, -5.17, -4.47, -15.02, -71.51, 0.58, 1.49, 0.05
96249, -0.03, 9.97, -4.11, -11.96, -17.82, -81.32, 1.11, 1.06, 0.72
96495, -1.53, 7.87, 0.96, -19.66, -16.47, -100.20, 0.06, 1.44, 0.33
96743, -3.57, 12.14, -5.29, -19.69, -17.33, -98.64, -0.85, -0.78, 0.52
96989, -1.40, 9.49, -1.20, -18.34, -19.01, -92.20, -0.94, 0.44, -0.51
97236, 0.24, 12.56, -2.83, -14.21, -20.61, -86.17, -0.50, 0.77, -0.35
97492, -0.33, 9.31, -3.30, -12.39, -23.50, -91.76, 0.99, 0.95, 0.42
97744, -1.63, 9.08, -0.16, -19.53, -15.42, -109.43, 0.76, 0.48, 0.67
97992, 2.02, 12.51, -2.54, -14.07, -16.49, -115.10, -1.81, -0.87, -0.37
98238, -0.01, 9.51, -1.55, -13.42, -19.95, -105.69, -0.90, -0.25, -0.25
98486, -0.53, 9.80, -2.22, -10.01, -22.60, -100.89, -0.61, -0.16, -0.54
98734, -0.40, 10.24, -4.44, -3.65, -25.46, -96.42, 0.36, 0.93, 0.12
98979, -0.08, 8.69, -2.60, -7.41, -21.38, -107.32, 0.74, 0.39, 0.54
99233, 0.88, 8.52, 1.03, -8.42, -14.98, -118.75, 0.39, 0.58, 0.19
99481, -1.47, 9.31, -2.11, -9.53, -15.97, -115.10, -0.74, 0.77, 0.21
99729, -0.72, 9.19, -2.71, -7.59, -19.80, -108.58, -0.63, -0.28, -0.19
99975, -2.01, 9.25, -3.89, -5.13, -22.99, -98.63, -1.04, -1.63, -0.34
100222, 5.57, 10.57, -4.60, -5.80, -24.89, -97.44, 0.72, -0.57, 0.53
100470, 0.94, 8.78, -2.74, -16.52, -19.15, -101.37, 0.68, -0.22, 0.20
100716, -0.29, 7.82, 1.24, -20.40, -16.28, -104.76, -0.03, -0.83, -0.05
100964, -4.97, 10.38, -2.63, -22.10, -17.16, -92.65, -0.68, -0.72, -0.01
101220, -0.48, 9.37, -2.02, -18.55, -16.98, -81.04, -0.70, -0.38, -0.38
101468, 2.10, 12.17, -0.21, -11.44, -18.87, -74.01, 0.26, 0.49, -0.21
101713, 3.94, 9.34, -3.01, -9.75, -21.37, -76.94, 0.87, -1.17, 0.57
101961, 1.08, 10.20, 0.69, -17.36, -19.35, -85.08, 1.04, 0.73, 0.09
102207, -1.48, 8.67, 1.70, -19.45, -19.35, -91.44, 0.04, 0.18, 0.23
102455, -2.39, 10.35, -1.51, -17.87, -18.53, -85.24, -0.43, 0.11, -0.26
102703, -1.06, 9.51, -1.69, -15.24, -16.84, -76.76, -0.67, 0.07, -0.37
102957, 3.59, 13.13, 0.09, -8.14, -17.44, -70.14, 0.26, 0.25, -0.40
103202, 1.17, 9.42, -4.38, -3.80, -22.08, -74.39, 1.08, -1.25, 1.17
103450, 1.15, 8.66, 0.92, -16.28, -19.56, -86.99, 0.45, 0.73, 0.29
103696, -1.66, 6.28, 0.96, -18.18, -19.38, -89.11, -0.71, 0.11, -0.24
103944, 0.30, 8.68, -2.35, -16.12, -19.32, -82.46, -1.01, -0.72, -0.03
104192, -0.84, 9.80, -0.97, -12.92, -17.44, -74.86, -0.73, -0.40, -0.28
104437, -1.17, 9.88, -5.21, -3.70, -18.88, -69.79, -0.16, -1.15, 0.17
104693, 0.55, 8.40, -2.07, -9.53, -21.69, -79.79, 0.49, -0.57, 0.45
104941, 1.50, 7.58, 1.29, -12.92, -22.90, -91.54, 0.04, -0.47, -0.04
105187, -3.52, 9.34, -1.79, -12.74, -21.41, -84.79, -0.48, -0.88, 0.44
105435, -2.30, 9.94, -1.50, -12.07, -17.90, -76.47, -0.80, 0.10, -0.21
105682, 0.41, 9.61, -1.37, -4.65, -15.42, -67.71, -0.79, -0.66, -0.58
105928, 1.74, 10.56, -4.75, 1.93, -18.15, -67.86, 0.93, -0.73, 0.43
106176, -1.02, 7.45, -0.73, -4.17, -22.96, -78.71, 1.19, -0.13, 0.71
106430, -0.50, 5.83, -2.00, -8.43, -23.33, -84.89, -1.09, -0.10, -0.24
106678, 0.04, 8.63, -0.71, -6.28, -21.47, -77.57, -0.69, -0.27, -0.35
106924, -0.96, 8.90, -2.60, -2.15, -17.96, -69.07, -0.44, -0.41, -0.22
107171, -1.08, 9.50, -3.88, 5.14, -18.53, -66.38, -0.34, -1.03, 0.01
107419, -0.18, 9.25, -1.73, 1.48, -21.89, -72.01, 1.00, -0.13, 0.48
107665, 0.58, 8.77, 1.80, -5.99, -24.95, -84.55, 0.75, 0.62, -0.10
107913, 2.17, 4.55, -0.37, -6.62, -24.32, -83.27, -1.76, -1.30, -0.52
108158, -0.76, 8.88, -1.45, -5.06, -20.32, -74.03, -0.97, -0.99, -0.39
108402, 0.52, 8.72, -2.20, -0.38, -17.16, -67.30, -0.77, -1.00, -0.54
108650, 1.62, 10.60, -3.70, 6.78, -17.52, -66.11, 0.93, 0.51, 0.11
108896, -0.92, 8.03, -1.44, 1.29, -22.95, -75.09, 0.79, 0.09, 0.71
109144, -0.02, 7.93, 2.16, -5.76, -24.89, -85.56, 0.01, -0.04, 0.08
109389, -1.04, 11.25, 0.02, -4.47, -22.95, -78.09, -0.50, -0.59, -0.11
109637, -1.06, 9.23, -0.74, -0.69, -18.55, -70.72, -0.90, 0.30, -0.45
109885, 2.80, 11.23, 1.29, 6.36, -15.76, -63.97, -0.15, -0.42, -0.46
110139, 1.66, 9.34, -2.58, 5.77, -19.96, -68.72, 1.03, -0.37, 0.67
110387, 0.47, 7.82, 1.41, -4.09, -24.50, -81.83, 1.36, 0.96, 0.06
110632, 0.06, 15.81, -0.06, -5.89, -23.57, -82.67, -2.03, -0.04, -0.34
110880, -0.55, 9.45, -1.37, -3.43, -20.01, -73.28, -1.10, -0.37, -0.17
111126, -1.56, 9.02, -1.87, -0.03, -16.73, -67.09, -0.67, -0.43, -0.45
111374, -3.67, 10.78, -7.14, 9.66, -18.40, -66.47, 0.34, 0.74, 0.44
111620, -1.20, 9.12, -2.60, -1.10, -23.97, -76.69, 0.42, 0.20, 0.81
111874, -0.15, 7.86, 1.06, -10.67, -23.37, -87.08, -0.28, 0.91, 0.12
112121, -1.62, 11.73, -4.16, -11.25, -23.62, -83.66, -0.77, -0.14, 0.89
112369, -1.07, 9.09, -1.55, -12.12, -22.57, -81.00, -0.50, 0.41, -0.27
112619, -3.05, 15.11, -0.95, -6.93, -22.17, -74.54, -0.15, -0.13, -0.42
112867, -0.27, 9.07, -3.12, -8.89, -24.42, -82.20, 1.07, 1.60, 0.47
113115, -0.37, 8.05, -2.12, -17.09, -21.43, -94.17, 0.20, 1.23, 0.37
113360, 0.49, 8.11, -0.02, -17.35, -19.48, -106.78, -0.39, 1.80, -0.17
113616, 0.85, 8.98, -1.40, -14.72, -21.91, -103.29, -0.35, 1.50, -0.38
113864, 0.39, 8.94, -0.88, -11.06, -24.98, -97.75, -0.27, 0.39, -0.27
114110, 0.77, 11.04, 0.81, -3.26, -28.30, -92.12, 0.24, -0.07, -0.34
114358, 1.21, 8.03, -2.87, -6.09, -26.45, -101.97, 1.17, 1.36, 0.15
114604, -0.92, 8.36, -1.00, -11.50, -19.58, -117.66, 1.64, 1.74, 0.45
114851, 0.84, 7.15, -0.68, -5.28, -17.54, -123.74, -1.16, 1.22, 0.01
115099, 0.29, 9.46, -1.88, -2.15, -22.52, -117.22, -0.80, 0.36, -0.20
115345, 0.54, 9.69, -1.59, 2.63, -26.43, -112.29, -0.28, 0.05, -0.31
115599, -1.90, 9.68, -2.80, 7.53, -29.77, -106.64, -0.13, -0.55, -0.18
115847, -0.35, 10.07, -2.55, 7.19, -27.39, -112.55, 1.03, 0.75, 0.57
116092, 0.65, 8.80, -1.15, 6.45, -21.13, -123.11, 1.23, 1.09, 0.40
116340, 1.16, 9.29, -2.09, 14.78, -20.49, -123.63, -1.27, 0.87, -0.23
116586, -0.54, 9.81, -2.62, 16.69, -23.62, -117.06, -1.01, 0.49, -0.34
116834, -0.94, 9.46, -3.41, 20.86, -26.51, -108.99, -0.13, -0.12, -0.23
117082, -1.77, 9.65, -3.13, 24.10, -27.16, -108.35, -0.15, -0.34, -0.10
117336, 0.49, 8.85, -1.74, 22.10, -25.42, -115.27, 0.95, 0.48, 0.52
117583, 0.97, 9.70, -0.05, 22.58, -20.15, -122.29, 0.85, 0.37, -0.49
117829, 2.86, 6.35, 1.02, 24.70, -20.91, -118.09, -1.21, 0.18, -0.27
118077, -1.39, 9.39, -2.16, 23.53, -23.94, -108.73, -0.91, -0.51, -0.20
118325, -0.31, 9.84, -1.83, 26.94, -25.84, -102.89, -0.70, -0.15, -0.45
118571, -3.18, 9.94, -5.20, 29.77, -26.47, -103.48, 0.63, 0.16, 0.36
118818, -0.84, 8.04, -2.03, 24.33, -24.42, -113.45, 0.55, 0.26, 0.55
119078, 0.07, 8.02, 1.54, 23.76, -21.43, -118.11, -0.10, 0.27, -0.04
119330, 0.64, 8.34, -1.64, 24.39, -23.27, -109.13, -0.22, 0.04, 0.34
119582, 0.84, 9.01, -1.82, 27.65, -25.65, -102.94, -0.61, 0.03, -0.33
119834, 3.55, 12.21, -3.59, 32.55, -24.79, -98.60, -0.69, -0.47, -0.50
120086, 2.76, 9.73, -2.09, 33.84, -24.19, -102.79, 0.93, -0.64, 0.33
120338, 0.42, 9.14, -0.25, 25.42, -22.96, -113.61, 1.76, 0.31, 0.93
120590, 0.45, 8.54, 2.59, 25.45, -19.73, -117.29, -0.08, 0.51, -0.02
120872, -1.19, 9.06, -0.99, 26.12, -23.02, -110.70, -0.56, 0.75, -0.20
121118, 0.11, 9.46, -3.14, 27.00, -24.52, -102.79, -0.71, 0.26, -0.40
121366, 0.77, 9.75, 1.10, 33.00, -25.42, -98.99, 0.52, -1.58, -0.25
121612, 1.13, 8.80, -3.42, 29.89, -25.05, -106.21, 0.79, 0.29, 0.74
121860, 0.54, 7.42, 2.12, 23.98, -22.62, -114.25, 1.06, 1.44, 0.04
122105, -1.22, 3.52, -9.32, 25.02, -24.63, -112.64, -1.74, -2.58, 0.26
122353, -2.21, 9.28, -1.67, 24.55, -25.80, -107.07, -0.72, -0.48, -0.29
122599, -0.49, 9.15, -2.94, 27.61, -25.30, -101.36, -0.86, -0.68, -0.61
122853, 2.69, 9.59, -1.98, 31.18, -26.03, -100.88, 0.57, 0.68, -0.08
123101, 0.58, 8.01, -3.05, 25.99, -23.95, -110.52, 0.85, 0.56, 0.56
123346, -0.56, 6.46, 2.71, 24.04, -21.15, -115.90, 0.12, 0.22, 0.19
123594, 0.02, 9.00, -2.63, 25.52, -24.20, -108.89, -0.88, 0.48, -0.37
123840, 0.66, 9.97, -0.97, 28.85, -24.44, -100.16, -0.31, -0.04, -0.31
124088, 0.23, 10.66, 0.78, 33.48, -25.33, -101.02, 0.98, -0.45, -0.08
124336, 2.28, 8.49, -1.41, 31.67, -23.40, -106.90, 1.07, 1.20, 0.23
124590, 0.61, 8.22, 1.06, 24.89, -22.13, -114.54, 1.10, 1.34, 0.05
124837, 1.10, 18.56, 7.80, 24.69, -21.15, -112.69, 0.45, 1.27, -0.27
125083, 0.44, 9.54, -2.27, 26.98, -24.69, -104.11, -1.17, -0.48, -0.37
125331, -0.55, 8.80, -2.86, 29.19, -24.50, -99.40, -0.66, -0.49, -0.40
125579, 0.78, 10.53, -1.72, 33.65, -24.58, -98.60, 0.05, -0.35, -0.27
125825, 0.47, 8.97, -3.35, 29.54, -24.48, -108.21, 1.16, 0.19, 0.77
126072, 0.03, 8.94, 2.96, 25.86, -21.22, -115.86, 1.42, 1.43, 0.27
126326, -3.79, 10.35, -2.15, 25.21, -22.62, -114.22, -1.07, 0.20, 0.20
126574, -2.42, 9.67, -1.39, 27.78, -24.32, -106.46, -0.71, -0.41, -0.20
126820, -1.37, 9.00, -2.27, 30.97, -25.50, -103.52, -0.54, -0.59, -0.43
127068, 3.70, 10.11, -3.47, 32.94, -25.18, -107.16, 1.05, 0.44, -0.02
127318, 0.44, 9.44, -2.83, 31.04, -23.85, -116.44, 1.35, 0.46, 0.81
127567, 0.73, 5.98, -0.82, 34.80, -22.70, -120.24, -0.76, 0.19, -0.19
127813, -0.46, 9.15, -2.17, 38.86, -27.45, -113.14, -0.74, 0.23, -0.20
128069, 0.32, 9.24, -1.44, 41.58, -27.78, -104.46, -0.69, 0.03, -0.30
128317, 1.94, 10.66, -0.77, 47.31, -25.14, -96.30, -0.51, -0.53, -0.55
128565, 0.58, 9.86, -3.46, 35.21, -17.57, -92.96, 1.15, 0.24, 0.58
128811, -1.55, 9.53, -1.52, 17.52, -19.51, -105.55, 0.89, 0.67, 0.87
129185, -0.69, 11.34, -2.57, 20.34, -20.70, -106.15, -0.39, -0.05, -0.26
129587, -0.67, 9.32, -2.95, 24.20, -21.50, -96.39, -0.72, -0.46, -0.27
129835, 0.02, 13.21, 0.08, 29.77, -22.67, -92.84, 0.62, -1.12, 0.10
130080, 0.79, 8.54, -3.64, 25.65, -24.38, -107.59, 1.55, 0.08, 0.81
130324, 0.48, 7.49, 3.80, 20.46, -20.13, -116.31, 1.13, 0.94, -0.08
130572, -4.07, 10.07, -3.09, 22.77, -22.60, -112.29, -1.04, -0.83, 0.20
130818, -1.53, 9.45, -1.99, 23.62, -23.53, -105.73, -0.92, 0.07, -0.44
131065, -7.31, 10.70, -7.99, 28.84, -23.49, -97.40, -1.46, -1.18, -0.17
131313, 2.37, 12.30, -5.83, 32.34, -23.68, -98.09, 1.02, -0.10, 0.29
131559, 0.01, 8.91, -1.26, 25.93, -22.49, -108.11, 1.42, -0.04, 0.80
131807, -0.78, 6.40, 0.92, 23.21, -21.75, -111.46, -1.00, 0.63, -0.21
132061, -0.93, 9.40, -3.15, 25.97, -23.17, -102.59, -1.00, 0.19, -0.45
132306, 0.44, 9.31, -2.00, 29.63, -22.20, -94.90, -0.57, 0.27, -0.27
132554, -1.03, 11.06, -0.88, 35.30, -22.74, -97.82, 0.42, -1.34, 0.07
132800, 0.88, 8.88, -2.08, 31.32, -21.98, -104.56, 1.20, 0.32, 0.61
133048, 1.38, 8.66, 3.01, 29.26, -20.49, -106.61, 1.01, 1.57, -0.11
133294, -3.00, 9.70, -1.24, 29.10, -21.47, -104.33, -0.77, 0.38, 0.09
133541, -3.17, 9.31, -1.31, 29.98, -21.53, -96.08, -0.23, 1.03, -0.15
133797, -0.06, 8.97, -2.29, 33.76, -19.60, -90.50, -0.74, 0.03, -0.58
134043, 1.56, 10.88, -3.87, 36.54, -19.47, -90.38, 0.99, 0.92, 0.17
134291, -0.63, 7.33, -2.38, 29.52, -21.86, -97.73, 0.53, 0.22, 0.57
134537, 3.44, 19.49, 6.90, 28.06, -21.25, -94.45, 1.57, 2.70, 0.11
134785, -0.06, 9.39, -1.68, 30.06, -19.00, -87.12, -0.98, -0.06, -0.18
135030, 0.95, 9.84, -0.12, 31.72, -13.59, -77.68, -0.17, 0.35, -0.22
135278, 1.33, 13.90, 1.30, 37.07, -13.42, -76.85, 0.91, -0.11, -0.27
135532, 1.21, 8.79, -3.43, 32.08, -18.66, -81.39, 1.22, 1.13, 0.85
135778, -2.08, 9.08, 1.08, 19.73, -23.93, -83.84, 0.24, 1.38, 0.42
136026, 0.78, 12.75, -1.91, 16.94, -19.89, -74.79, -0.63, 1.27, -0.14
136271, 0.77, 9.27, -2.38, 19.38, -15.24, -68.74, -1.12, 0.22, -0.67
136519, -3.26, 9.01, -3.02, 23.02, -6.07, -61.49, -0.31, -0.66, -0.21
136765, 1.53, 12.22, -6.59, 23.62, -13.33, -65.55, 1.24, 1.36, 0.49
137013, 0.42, 6.51, -2.99, 8.37, -22.49, -75.72, 0.28, 0.26, 0.63
137259, 1.98, 15.98, 2.02, -0.39, -23.79, -83.27, -0.68, 1.03, -0.24
137515, 0.67, 9.36, -1.84, 1.80, -18.55, -72.32, -0.96, -0.75, -0.05
137760, -1.18, 9.68, -1.94, 3.11, -12.19, -63.50, -1.15, -0.52, -0.47
138008, -1.73, 10.99, -4.72, 7.91, -14.70, -64.59, 0.63, -0.64, 0.32
138256, 2.75, 7.31, -2.28, -5.03, -21.54, -79.35, 1.10, 0.87, -0.00
138502, 1.32, 8.00, 0.59, -8.35, -22.60, -87.99, -0.39, 0.14, -0.35
138747, 0.74, 10.21, 0.05, -5.77, -19.75, -78.19, -0.67, -0.61, -0.37
138995, -1.52, 9.56, -1.51, -4.03, -16.44, -69.86, -0.65, 0.76, -0.27
139249, 0.28, 13.82, -1.02, -0.86, -14.76, -67.55, 0.15, 0.80, -0.41
139497, 0.77, 9.82, -4.65, -1.05, -18.55, -72.92, 1.12, 0.66, 0.45
139743, -1.83, 10.39, -0.75, -11.40, -18.88, -85.52, 1.48, 1.13, 0.84
139991, 4.30, 9.79, 2.42, -15.39, -18.59, -92.93, -1.17, 0.68, -0.62
140236, 0.06, 9.72, -2.72, -13.37, -16.85, -82.45, -1.14, -0.33, -0.41
140484, 0.80, 8.73, -2.19, -10.32, -15.65, -76.28, -0.77, -0.60, -0.59
140732, -0.70, 10.42, -2.85, -6.45, -19.04, -76.26, 0.89, 0.43, 0.48
140986, 1.70, 6.39, -3.30, -15.16, -19.50, -91.68, 0.66, 0.01, 0.34
141234, 4.40, 15.23, 1.28, -15.84, -19.28, -103.01, -0.14, 0.15, -0.08
141481, 1.09, 9.41, -1.49, -16.44, -18.43, -90.27, -0.98, -0.32, -0.27
141727, -0.01, 9.48, -2.25, -13.46, -18.81, -83.46, -0.69, -0.31, -0.18
141975, -0.56, 11.33, -5.18, -12.66, -22.04, -87.20, 0.66, -0.80, 0.17
142223, 2.07, 7.59, 0.40, -16.90, -20.01, -103.30, 1.03, 0.72, -0.04
142469, 1.31, 5.24, 4.15, -17.36, -15.59, -113.50, 0.80, 2.73, -0.47
142729, 0.01, 10.44, 0.68, -13.96, -19.64, -107.16, -0.21, 1.02, -0.31
142977, 0.47, 9.67, -2.43, -10.13, -23.41, -100.79, -0.60, 0.77, -0.61
143222, 0.36, 9.50, -4.86, -3.65, -25.55, -92.62, -1.11, -0.13, -0.76
143470, 0.39, 10.05, -5.04, -2.92, -25.83, -102.09, 1.06, 0.66, 0.74
143718, -0.34, 10.06, -1.59, -8.58, -19.31, -114.88, 0.25, 0.04, 0.78
143964, 0.72, 5.59, -6.07, -6.69, -18.01, -117.89, -1.49, -0.54, -0.01
144211, -0.34, 9.31, -2.77, -5.52, -22.05, -108.52, -1.22, -1.35, -0.27
144459, -0.71, 9.54, -3.83, -2.62, -24.80, -98.99, -0.73, -0.37, -0.36
144715, 1.05, 11.75, -2.57, 0.22, -26.66, -98.35, 0.70, -0.59, 0.33
144961, 0.12, 7.99, -3.67, -9.02, -20.04, -108.30, 1.06, 0.27, 1.09
145209, -2.01, 8.10, 0.58, -17.14, -11.53, -115.49, 0.43, -1.14, 0.37
145457, -4.85, 11.25, -4.80, -18.77, -14.35, -109.24, -0.80, -0.62, 0.20
145702, -0.63, 8.76, -3.74, -18.39, -17.44, -97.44, -0.92, -1.13, -0.34
145950, 0.00, 9.69, -0.56, -11.17, -20.14, -83.50, -0.49, -1.25, -0.17
146198, 3.77, 9.74, -3.50, -13.86, -22.39, -87.74, 1.77, -0.95, 0.68
146452, -4.59, 8.56, 2.11, -23.18, -16.63, -94.07, 0.83, -0.60, 0.76
146700, -6.09, 10.79, -11.69, -20.94, -18.33, -90.92, -1.07, -0.43, 0.52
146946, -1.66, 9.18, -2.27, -17.77, -17.42, -79.28, -1.11, -0.52, -0.59
147193, -0.79, 9.50, -0.62, -7.79, -17.19, -69.38, -0.36, -0.22, -0.54
147441, 5.00, 10.04, -2.64, -4.46, -21.37, -73.95, 1.49, 0.31, 0.28
147687, -0.06, 8.76, -1.25, -13.97, -19.80, -81.28, 0.37, 0.14, 0.78
147935, -1.21, 19.55, 6.17, -17.58, -19.39, -91.30, 1.21, 0.94, 0.45
148195, 0.88, 9.71, -2.02, -15.21, -18.65, -80.97, -1.34, -0.85, -0.52
148449, 0.84, 9.66, -0.93, -6.20, -16.38, -69.34, -0.90, -0.85, -0.62
148701, 3.91, 10.24, -4.89, -3.04, -20.86, -73.02, 1.17, 0.39, 0.36
148953, -0.33, 6.70, -1.41, -12.32, -21.37, -85.31, -0.05, -0.71, 0.92
149204, 3.80, 16.86, -2.22, -16.76, -20.13, -95.60, -1.60, 0.12, -1.02
149456, 0.36, 10.15, -2.81, -14.06, -17.95, -80.59, -1.11, -0.51, -0.55
149710, -0.85, 8.67, -3.41, -8.14, -15.81, -71.00, -0.44, -0.27, -0.47
149970, -0.42, 11.19, -4.48, 1.14, -15.65, -66.25, 0.95, 0.26, 0.50
150216, 0.64, 7.10, -3.99, -5.42, -22.38, -79.23, 0.71, -0.08, 0.86
150462, 0.26, 6.31, 1.21, -10.01, -23.41, -89.30, -0.99, -1.25, 0.12
150710, 0.57, 8.33, -1.39, -6.58, -22.10, -79.16, -0.69, 0.15, -0.32
150958, 0.57, 9.63, -1.52, -3.42, -17.51, -69.88, -0.79, -0.03, -0.53
151203, -0.46, 12.21, 0.47, 6.15, -16.94, -65.52, 0.24, -1.06, 0.02
151449, 1.96, 8.47, -2.12, 0.29, -22.04, -74.29, 1.40, 0.70, 0.64
151697, -0.79, 8.52, 3.86, -10.04, -21.97, -83.94, 1.47, 1.16, 0.14
151953, 1.43, 13.41, -4.03, -4.47, -22.29, -77.55, -0.55, 0.27, 0.31
152199, -1.55, 9.31, -1.64, -2.92, -18.47, -71.34, -0.90, 0.08, -0.33
152446, 0.18, 7.08, -1.44, 2.40, -13.97, -63.31, -0.77, -1.09, -0.53
152694, 3.74, 11.20, -3.46, 9.59, -15.87, -62.96, 1.40, -0.87, 0.19
152940, 2.35, 8.73, -3.51, 3.04, -22.87, -74.71, 0.70, 0.31, 0.63
153188, 1.56, 18.07, -0.24, -1.24, -24.52, -80.82, -1.45, -0.01, -0.63
153434, 0.06, 8.43, -1.04, 3.16, -19.41, -69.76, -0.92, -0.81, -0.12
153690, -0.46, 9.49, -2.26, 6.43, -11.30, -60.95, -1.15, -0.42, -0.63
153935, 0.24, 9.53, -1.39, 14.22, -9.30, -58.42, 0.70, -1.40, 0.08
154183, 0.76, 8.46, -3.42, 10.79, -22.16, -71.29, 1.44, 0.08, 0.94
154429, 0.36, 7.65, 3.46, 0.67, -24.85, -83.10, -0.18, 0.54, -0.10
154677, -2.81, 9.33, -2.68, 5.09, -22.49, -74.28, -0.68, 0.13, -0.38
154923, 0.24, 9.31, -1.72, 6.74, -17.13, -66.05, -0.47, 0.69, -0.25
155170, 3.13, 10.84, -2.87, 10.58, -12.91, -60.90, -0.75, 0.00, -0.65
155426, 1.04, 9.85, -4.12, 13.05, -18.30, -66.37, 1.42, 0.22, 0.73
155674, -1.53, 9.36, -2.72, 0.99, -22.98, -77.11, 0.44, 0.82, 0.85
155920, 6.54, 4.68, -1.30, -4.95, -25.26, -83.53, -1.32, -2.41, -0.59
156168, 0.08, 9.36, -1.62, -1.29, -20.08, -72.76, -1.19, -0.83, -0.42
156413, -0.72, 9.67, -2.08, 0.50, -14.85, -64.82, -0.47, -0.07, -0.37
156661, -1.50, 10.08, -1.91, 10.84, -16.94, -63.56, 0.81, -0.18, 0.09
156909, 1.10, 7.83, -2.45, -1.07, -24.44, -76.45, 1.25, 0.65, 0.74
157155, 0.99, 8.28, 4.88, -13.33, -24.45, -89.30, 0.37, 1.47, -0.08
157413, -0.16, 9.44, -2.40, -11.96, -23.94, -82.18, -0.88, 0.23, -0.27
157663, -0.71, 9.48, -2.65, -8.42, -21.37, -73.28, -0.23, 0.77, -0.27
157911, 0.73, 10.71, 0.30, -1.94, -21.37, -70.11, 0.33, -0.05, -0.63
158156, 0.93, 10.35, -3.92, -6.21, -24.95, -80.66, 1.60, 2.11, 0.53
158531, -0.10, 7.16, 2.64, -15.36, -20.33, -109.35, 0.44, 1.12, 0.26
158996, -0.32, 9.75, -2.08, -10.39, -24.25, -98.11, -1.00, 0.75, -0.58
159244, -2.16, 10.77, -7.55, -2.21, -26.48, -86.36, -1.41, 0.13, -0.56
159500, 1.05, 11.37, -6.80, -0.23, -28.72, -96.23, 1.26, 1.05, 0.56
159748, 1.99, 9.68, -0.63, -5.41, -23.30, -115.05, 1.12, 1.63, 0.44
159995, 2.53, 5.71, -0.74, -3.16, -19.96, -121.25, -1.14, 0.19, -0.38
160241, -0.25, 9.00, -0.79, -2.13, -24.38, -111.27, -0.67, 0.22, 0.01
160489, 1.14, 9.62, -2.11, 3.30, -27.43, -102.75, -0.99, -0.30, -0.47
160737, 1.59, 11.40, 1.06, 7.86, -30.71, -100.37, 1.44, -1.16, -0.22
160985, 1.72, 8.85, -3.42, 4.75, -25.48, -115.33, 1.43, 1.64, 0.68
161239, -0.98, 6.59, 3.85, 4.46, -16.88, -127.21, 1.26, 1.58, -0.03
161484, 3.31, 9.98, -2.58, 8.62, -23.56, -119.45, -0.43, -0.10, 0.05
161732, -0.75, 9.16, -2.34, 11.46, -26.51, -112.03, -0.96, 0.00, -0.50
161980, 0.32, 13.07, -3.72, 18.96, -29.10, -103.43, -0.59, 0.50, -0.35
162228, 2.05, 10.86, -3.52, 19.29, -28.49, -109.72, 1.50, 0.67, 0.31
162473, 0.28, 8.51, -2.91, 15.52, -21.35, -122.24, 1.53, 1.94, 0.31
162721, -4.97, 7.08, -11.24, 19.16, -21.10, -122.60, -2.07, -1.64, 0.14
162977, -1.00, 9.65, -2.11, 19.53, -25.55, -111.44, -1.18, -0.34, -0.42
163225, 0.90, 8.30, -0.97, 25.72, -27.01, -100.48, 0.44, 0.48, -0.03
163471, 1.02, 11.05, -4.78, 26.44, -27.42, -103.99, 1.10, 1.71, 0.15
163719, -0.31, 7.77, -2.64, 22.35, -23.88, -117.06, 1.22, 0.46, 0.53
163966, 1.37, 12.38, 8.90, 25.74, -15.39, -119.91, 0.71, 1.30, -0.37
164214, -0.02, 9.83, -1.10, 27.02, -22.55, -108.40, -1.12, 0.05, -0.30
164460, 1.77, 9.28, -2.24, 31.44, -23.57, -97.49, -0.95, 0.04, -0.53
164708, 5.79, 9.97, -2.83, 37.72, -23.14, -94.78, 0.60, -1.06, -0.08
164962, 2.60, 9.03, -3.31, 31.83, -24.83, -103.64, 1.37, 0.19, 0.86
165210, -1.05, 7.79, 0.02, 22.29, -23.88, -113.74, 0.49, 0.11, 0.47
165455, -1.06, 11.37, -2.47, 24.79, -23.11, -112.26, -1.08, -0.63, 0.20
165703, -0.58, 9.52, -2.60, 27.38, -24.96, -102.92, -1.43, -0.44, -0.51
165951, -0.50, 9.22, -1.68, 32.49, -24.41, -92.20, -0.42, -0.26, -0.31
166199, -0.87, 10.15, -2.80, 35.53, -24.96, -97.92, 0.97, -0.31, 0.56
166447, 0.69, 7.80, -3.35, 27.08, -24.52, -111.40, 1.08, 0.28, 0.51
166701, 1.02, 9.33, -2.25, 26.19, -21.95, -113.08, -1.23, 0.10, -0.34
166948, 0.57, 9.65, -1.98, 27.99, -24.14, -104.37, -0.79, 0.68, -0.23
167196, 1.41, 8.83, -2.46, 29.87, -23.95, -95.43, -0.40, 0.19, -0.07
167442, -1.93, 11.08, -0.49, 35.46, -23.82, -93.72, 0.34, -0.96, 0.09
167690, 0.83, 9.10, -3.56, 30.31, -25.39, -105.38, 1.23, -0.78, 0.98
167938, 0.63, 6.43, 5.66, 22.96, -21.53, -116.97, 0.89, 1.33, -0.08
168183, 1.97, 8.98, -0.44, 25.65, -24.00, -108.30, -0.97, 0.13, -0.49
168439, -0.38, 9.28, -2.16, 27.77, -24.35, -100.26, -0.51, 0.17, -0.45
168685, 0.57, 11.88, -5.77, 32.68, -22.57, -93.92, -0.93, 0.34, -0.60
168933, 3.85, 9.20, -4.73, 37.30, -22.11, -92.90, 0.15, 0.39, -0.19
169181, 0.90, 9.16, -3.11, 31.56, -23.37, -102.72, 1.29, 0.40, 0.70
169426, 0.82, 8.97, 0.87, 26.89, -22.26, -110.82, 0.62, 0.60, 0.16
169674, 2.86, 9.60, -1.01, 28.16, -23.94, -105.44, -0.66, -0.19, -0.22
169922, -1.12, 9.27, -3.12, 28.75, -24.17, -100.44, -0.93, -0.46, -0.27
170178, -1.23, 10.28, -4.12, 32.55, -22.08, -96.14, -0.63, -0.52, -0.38
170424, 1.00, 10.09, -5.36, 34.04, -23.57, -104.30, 0.44, 0.36, 0.38
170672, 1.64, 8.30, -1.61, 28.69, -23.94, -110.06, 0.59, 0.16, 0.63
170919, 1.48, 7.05, -0.01, 26.16, -22.70, -113.86, 0.09, 0.63, -0.05
171165, -0.53, 9.04, -0.32, 27.68, -23.60, -108.37, -0.81, 0.49, -0.41
171413, 0.61, 9.00, -2.67, 30.42, -22.95, -100.06, -0.85, 0.21, -0.62
171661, 2.48, 11.77, 1.33, 35.68, -23.03, -98.09, 0.99, -0.59, 0.24
171907, 2.59, 8.74, -3.59, 32.77, -23.68, -106.34, 0.95, 0.84, 0.50
172161, 0.04, 9.85, 2.12, 27.07, -21.94, -112.16, 2.02, 1.48, 0.31
172408, 1.88, 4.97, -1.57, 29.39, -21.86, -110.33, -1.37, -0.19, -0.15
172658, -0.02, 9.29, -2.49, 29.45, -23.28, -101.58, -0.98, -0.68, -0.20
172908, 0.18, 9.12, -1.17, 32.97, -22.29, -94.33, -0.58, -0.24, -0.32
173156, -0.94, 9.84, -3.85, 35.94, -24.07, -100.20, 0.50, -1.20, 0.43
173404, 0.37, 8.27, -3.24, 28.94, -24.39, -112.48, 0.78, 0.04, 0.97
173649, -0.65, 8.11, 1.90, 24.79, -21.56, -117.93, 0.36, 0.58, 0.16
173905, -2.72, 10.01, -0.44, 28.28, -24.09, -111.87, -0.50, 0.05, -0.31
174153, 0.25, 9.62, -1.66, 29.13, -24.51, -105.36, -0.49, 0.64, -0.32
174401, -2.93, 9.59, -3.66, 33.47, -24.66, -98.39, -0.91, -0.76, -0.25
174649, -0.91, 10.60, -4.66, 37.05, -25.74, -103.70, 0.76, -0.52, 0.40
174895, 0.95, 8.62, -1.67, 34.48, -24.80, -113.04, 0.95, 0.21, 0.45
175142, -0.62, 4.70, 1.57, 32.97, -22.19, -114.44, -0.52, 0.37, -0.11
175390, -0.12, 9.22, -1.09, 35.06, -23.76, -102.73, -0.76, 0.10, -0.06
175644, -0.27, 9.37, -1.63, 33.03, -22.01, -94.40, -0.82, -0.18, -0.13
175892, 2.10, 11.44, -1.23, 35.56, -20.05, -89.51, -0.23, -0.46, -0.29
176140, 1.62, 10.24, -3.26, 29.13, -21.44, -99.66, 1.30, -0.07, 0.61
176386, -2.20, 8.58, -1.30, 19.85, -20.52, -110.11, 0.79, 1.36, 0.53
176633, 2.02, 6.84, -1.40, 23.44, -19.61, -112.45, -1.34, -0.40, -0.46
176881, 1.82, 9.62, -1.25, 25.77, -22.07, -103.26, -0.82, -0.40, -0.23
177127, -0.83, 9.41, -1.74, 28.73, -21.06, -95.98, -1.00, -0.64, -0.51
177408, -0.29, 10.70, -4.57, 32.93, -22.20, -98.47, 0.79, -0.64, 0.41
177653, -0.01, 8.29, -2.68, 25.90, -23.37, -110.29, 0.69, -0.08, 1.02
177901, -1.44, 9.22, 2.07, 21.97, -20.24, -115.62, 0.67, -0.15, 0.09
178147, -1.47, 9.12, -1.25, 24.54, -23.08, -109.63, -0.58, 0.32, -0.30
178395, 0.24, 9.09, -2.19, 27.43, -22.96, -102.34, -0.85, 0.30, -0.51
178642, 3.74, 9.88, -3.02, 34.30, -22.33, -95.86, -0.08, -1.01, -0.47
178888, 4.19, 11.10, -2.51, 33.24, -23.25, -102.65, 1.60, 0.49, 0.53
179136, -1.22, 6.77, -2.52, 23.31, -21.62, -114.18, 0.23, 0.57, 0.66
179390, -0.77, 3.29, -5.99, 26.28, -19.57, -114.09, -2.19, -1.74, -0.24
179636, -0.65, 8.75, -2.55, 28.46, -22.55, -103.76, -1.11, -0.32, -0.53
179884, -1.63, 9.87, -1.21, 34.45, -19.50, -92.22, -0.87, -0.00, -0.53
180131, -1.09, 10.93, -3.86, 35.44, -21.78, -98.92, 1.04, 0.46, 0.74
180377, 0.45, 7.46, -3.30, 26.70, -23.02, -109.57, 0.89, 0.32, 1.02
180625, -0.46, 7.71, 3.23, 24.44, -21.24, -111.79, 0.18, 1.17, 0.10
180871, -2.03, 8.67, -0.72, 27.83, -22.11, -103.41, -0.64, 0.01, -0.27
181127, -1.14, 9.49, -2.06, 29.82, -21.53, -95.73, -0.48, 0.95, -0.27
181372, -1.75, 9.05, -1.10, 34.33, -18.31, -88.86, -0.60, -0.63, -0.77
181620, 1.10, 11.48, -7.08, 38.41, -18.21, -90.44, 0.77, 2.26, -0.02
181868, 0.54, 8.45, -2.28, 31.23, -22.68, -93.35, 1.05, 0.67, 0.67
182114, 3.15, 16.69, 7.34, 26.28, -23.17, -91.90, 1.98, 2.46, -0.12
182362, 1.28, 9.48, -1.46, 27.93, -20.24, -82.33, -0.80, 0.46, -0.12
182609, 1.32, 9.27, -1.04, 30.01, -15.67, -74.28, -0.58, 0.28, -0.47
182863, 1.57, 12.08, -3.54, 37.55, -8.74, -72.89, -0.69, -0.82, -0.48
183111, 0.43, 10.48, -3.70, 36.36, -12.76, -76.15, 1.31, 1.44, 0.75
183357, -0.66, 8.69, -2.36, 21.15, -21.86, -79.41, 0.49, 0.99, 0.74
183605, 0.05, 16.97, 1.56, 13.69, -23.18, -78.78, 0.01, 0.82, -0.27
183851, -0.72, 9.64, -3.06, 13.58, -20.80, -73.33, -0.49, 0.63, -0.01
184098, 0.18, 9.32, -0.92, 16.18, -13.69, -66.72, -0.61, 0.15, -0.59
184346, 0.94, 8.86, -4.41, 22.86, -12.16, -64.78, 0.27, 0.40, -0.02
184600, 1.08, 9.39, -2.67, 11.85, -16.22, -67.09, 0.76, 1.52, 0.47
184848, -0.30, 8.99, -0.51, -3.60, -21.47, -77.57, 1.01, 2.08, 0.19
185094, 3.66, 11.18, -1.78, -6.26, -21.46, -79.28, -0.57, 0.70, -0.03
185341, -1.19, 9.69, -1.37, -4.81, -16.90, -70.90, -0.73, -0.22, -0.20
185589, 0.17, 9.08, -2.54, -1.18, -12.57, -65.57, -0.89, -0.32, -0.71
185835, 0.51, 11.02, -6.01, 5.45, -12.39, -62.36, 1.09, 1.25, 0.05
186083, 1.24, 8.79, -3.45, -2.73, -20.61, -74.70, 1.51, 0.56, 0.84
186329, -0.59, 8.65, 2.58, -13.15, -20.34, -87.46, 0.41, 1.33, 0.04
186583, -0.31, 10.54, -0.62, -11.18, -19.54, -81.45, -0.46, 0.74, -0.29
186830, -0.16, 9.45, -1.92, -10.25, -17.01, -75.81, -0.78, 0.25, -0.30
187078, -3.76, 12.27, -5.21, -6.62, -14.56, -69.12, -1.41, -0.66, -0.28
187324, 0.75, 11.15, -5.65, -0.44, -17.07, -68.53, 0.93, 0.47, 0.22
187574, -0.08, 7.91, -2.59, -9.27, -19.54, -81.28, 0.60, 0.12, 0.87
187824, 0.02, 6.83, -0.81, -15.96, -18.66, -93.54, -0.90, 0.48, -0.03
188071, -2.07, 9.38, -2.09, -13.27, -18.39, -84.19, -0.47, 0.46, -0.22
188327, 0.93, 9.65, -2.33, -10.54, -18.12, -79.20, -0.49, 0.25, -0.44
188573, 0.91, 11.82, -1.89, -1.67, -20.14, -73.53, 0.14, -1.61, -0.04
188821, 1.31, 9.63, -2.03, -7.86, -20.34, -79.49, 0.94, 0.22, 0.79
189067, -0.37, 8.38, 2.06, -18.11, -19.01, -96.11, 1.38, 1.20, 0.44
189315, 6.65, 3.50, -2.25, -17.70, -19.72, -101.65, -1.30, -1.15, -0.81
189562, 0.78, 9.53, -1.09, -17.11, -20.23, -93.73, -0.83, -0.71, -0.48
189808, -0.72, 9.51, -1.00, -12.95, -21.05, -85.90, -0.79, -0.37, -0.69
190064, 2.00, 11.30, -4.28, -5.16, -24.19, -81.15, 0.65, 0.82, 0.15
190310, -0.25, 8.85, -3.71, -13.31, -21.85, -95.60, 0.69, 1.29, 0.95
190558, -0.77, 6.73, 1.65, -16.34, -14.48, -115.13, 0.36, 0.55, 0.43
190806, 1.07, 10.74, -0.77, -12.26, -19.50, -110.14, -0.31, 0.38, -0.10
191051, -1.49, 9.52, -2.18, -10.11, -21.43, -106.85, -0.47, 0.82, -0.26
191299, -0.23, 8.60, -1.88, -5.64, -23.81, -100.13, -1.04, -0.67, -0.74
191547, 0.38, 11.32, -5.45, -3.49, -25.36, -97.88, 0.72, -0.05, 0.53
191803, 0.27, 9.89, -1.76, -10.84, -18.42, -110.49, 0.95, -0.08, 0.87
192049, -0.73, 13.48, -1.94, -11.82, -11.78, -119.98, -1.45, 1.04, -0.37
192296, 1.04, 9.53, -1.30, -11.77, -17.89, -109.12, -0.82, -1.00, -0.08
192544, -0.80, 9.08, -1.49, -12.32, -19.64, -98.83, -0.80, -0.63, -0.29
192790, 3.50, 11.39, -0.06, -7.29, -23.27, -89.17, 0.51, -3.18, 0.50
193038, 2.73, 7.27, -2.26, -17.14, -19.54, -92.58, 0.86, -1.12, 0.91
193284, 2.15, 7.67, 4.29, -21.53, -16.92, -101.65, 0.98, 0.62, -0.78
193531, -1.06, 9.62, -1.11, -19.37, -18.31, -88.56, -0.71, 0.24, -0.32
193785, -0.62, 9.17, -1.61, -15.57, -17.26, -78.41, -0.79, -0.05, -0.38
194033, 2.14, 12.20, 0.69, -7.53, -17.58, -68.90, -0.32, -0.87, -0.56
194281, 0.12, 9.18, -4.12, -6.93, -20.53, -74.52, 1.25, 0.47, 1.07
194527, -0.65, 8.76, 0.27, -18.81, -19.07, -88.69, 0.86, 1.08, 0.49
194775, -1.20, 12.61, -7.04, -17.64, -19.95, -88.91, -0.44, 0.62, 0.27
195022, -0.59, 8.83, -2.69, -14.28, -19.15, -79.41, -1.49, -0.00, -0.36
195268, 1.93, 11.62, -5.35, -8.71, -16.12, -69.19, -0.75, 0.05, -0.32
195524, 3.79, 10.23, -2.43, -6.23, -20.36, -73.18, 1.27, -0.79, 0.52
195772, -0.91, 8.67, -3.01, -13.84, -19.91, -83.76, 1.18, 0.15, 0.78
196018, 6.22, 8.97, -4.06, -16.16, -21.25, -94.31, -2.16, -2.15, -1.16
196265, 0.64, 9.58, -1.24, -13.53, -19.25, -80.21, -0.99, -0.87, -0.29
196513, -1.77, 9.48, -2.37, -9.47, -16.02, -70.97, -0.99, -0.64, -0.36
196761, -0.46, 13.03, 1.26, -0.64, -15.11, -64.79, 0.44, -0.59, -0.02
197007, 1.99, 7.63, -4.38, -2.08, -21.79, -74.64, 1.37, 0.08, 0.76
197261, 1.44, 6.92, 0.43, -9.27, -23.27, -87.87, -0.61, -0.23, -0.54
197509, -1.10, 9.54, -2.21, -5.98, -20.48, -78.22, -0.82, 0.52, -0.24
197754, 0.63, 9.17, -2.43, -2.47, -16.22, -69.12, -1.01, -0.03, -0.50
198002, 2.87, 12.44, -2.58, 7.45, -11.01, -61.08, -0.59, -0.81, -0.09
198250, 2.48, 10.10, -2.45, 6.85, -16.35, -65.07, 1.15, -0.32, 0.57
198496, -0.24, 8.82, -1.85, -4.11, -22.01, -77.58, 1.61, 1.05, 0.76
198744, 1.09, 19.60, 13.91, -8.89, -23.22, -83.32, 3.50, 1.93, 0.01
199000, 2.30, 9.43, -1.37, -7.28, -20.26, -76.41, -0.93, 0.14, -0.32
199245, -0.68, 9.08, -2.46, -3.24, -15.35, -66.60, -1.20, -0.74, -0.42
199493, -0.82, 9.83, -3.16, 8.39, -14.45, -61.58, 0.50, -1.80, 0.49
199739, 0.27, 7.99, -2.66, 2.56, -21.81, -72.89, 1.39, 0.30, 0.93
199987, 0.01, 8.00, 3.39, -5.64, -24.60, -85.31, 0.41, 0.85, -0.04
200232, -2.86, 10.55, -1.45, -2.54, -23.25, -77.59, -0.90, -0.18, 0.03
200480, -1.77, 9.15, -1.74, -1.10, -19.64, -70.43, -0.76, -0.79, -0.05
200728, -3.22, 12.79, -5.47, 2.28, -15.11, -64.45, -1.34, -0.55, -0.40
200982, -0.85, 11.03, -1.25, 15.02, -15.77, -63.52, 1.21, -0.78, 0.84
201230, -0.22, 6.98, -2.29, 6.93, -24.66, -78.16, 0.97, 0.71, 0.73
201476, 8.01, 13.46, -7.83, 2.15, -28.91, -89.29, -2.33, -2.07, -1.13
201723, 0.29, 9.48, -0.26, 2.44, -22.92, -75.61, -1.10, -0.02, -0.33
201969, -0.14, 9.15, -2.98, 5.22, -15.97, -66.18, -1.34, -0.42, -0.35
202217, -0.51, 12.88, 0.62, 11.53, -7.09, -58.65, -0.37, -0.22, -0.41
202467, -0.49, 9.41, -6.32, 13.07, -18.80, -67.39, 1.92, 1.55, 0.86
202725, -1.38, 7.76, 0.49, -3.13, -23.34, -81.48, 1.07, 1.14, 0.45
202973, -1.04, 10.38, -2.58, -1.46, -23.03, -78.76, -1.33, -1.26, 0.26
203218, -0.03, 9.64, -2.12, 1.52, -18.25, -69.54, -1.00, -0.13, -0.51
203466, -1.83, 9.99, -6.43, 3.79, -12.32, -62.70, -1.16, -0.16, -0.47
203714, -0.13, 11.21, -5.64, 7.85, -14.92, -62.67, 1.23, 0.35, 0.68
203960, -0.96, 8.33, -2.42, -4.57, -21.12, -75.90, 0.79, 0.81, 0.63
204208, 0.63, 14.82, 6.13, -9.92, -25.05, -87.53, 0.44, 0.45, -0.07
204462, 5.61, 8.64, 0.20, -11.14, -21.46, -77.97, -0.79, -0.66, -0.28
204709, -3.43, 8.87, -2.17, -10.76, -16.11, -67.93, -1.49, 0.27, -0.13
204957, 2.97, 12.51, -1.36, -5.70, -16.44, -61.75, 0.44, 0.10, -0.44
205203, 0.84, 9.60, -3.85, -7.16, -24.00, -73.25, 1.34, 0.99, 0.44
205451, 0.21, 8.01, -2.87, -16.34, -23.50, -89.43, 0.40, 0.67, 0.31
205697, 1.15, 4.84, -4.14, -16.16, -23.75, -97.79, -1.73, -1.37, -0.41
205944, 0.80, 9.67, -1.20, -13.18, -24.48, -89.77, -0.72, 0.28, -0.53
206206, 0.57, 8.97, -3.09, -8.84, -24.88, -84.26, -0.91, -0.22, -0.71
206458, -0.57, 10.70, -5.48, -3.20, -26.28, -83.18, 0.99, 1.35, 0.45
206710, 0.65, 8.93, -2.47, -10.86, -24.99, -100.35, 1.20, 0.72, 0.84
206962, -0.25, 8.21, 3.39, -13.86, -17.22, -116.31, 0.22, 1.81, 0.33
207214, -0.78, 8.66, -1.66, -10.74, -21.22, -113.34, -0.64, 0.24, -0.38
207466, 1.66, 9.80, 0.31, -5.12, -26.28, -104.55, -0.55, 0.63, -0.38
207718, 0.06, 13.06, -1.01, 1.24, -29.44, -97.47, -0.08, -0.21, -0.60
207970, 1.44, 9.54, -4.20, -0.32, -27.51, -109.43, 1.17, 1.47, 0.49
208228, -0.49, 8.12, -2.66, -3.05, -20.94, -120.75, 0.17, 0.70, 0.26
208476, 2.01, 9.81, -6.09, 3.45, -17.13, -127.07, -2.11, -0.21, -0.66
208721, 2.19, 9.56, -2.39, 6.20, -24.71, -116.21, -1.10, -0.04, -0.54
208969, -0.13, 9.30, -1.16, 12.34, -29.29, -102.67, -1.28, 0.09, -0.73
209217, 0.12, 10.12, 0.62, 19.53, -31.18, -98.90, 1.14, -0.49, -0.04
209463, 1.61, 9.60, -3.92, 14.00, -27.80, -114.29, 2.08, 0.97, 1.04
209709, -1.23, 4.43, 6.27, 13.65, -16.03, -128.40, 1.00, 2.27, -0.40
209965, 0.90, 9.12, -0.91, 17.92, -24.07, -118.01, -0.96, 0.31, -0.30
210210, -0.75, 8.30, -6.44, 20.68, -27.21, -105.44, -1.84, 0.43, -0.53
210458, 0.15, 11.02, -3.61, 25.93, -28.62, -94.77, -0.06, -0.33, -0.16
210706, 1.48, 11.23, -2.50, 25.48, -29.04, -103.17, 1.11, 0.49, 0.34
210952, 0.15, 6.53, -3.98, 18.69, -23.52, -117.85, 0.80, 0.45, 0.53
211200, 5.88, 9.98, -3.29, 25.86, -20.07, -119.95, -1.86, -2.27, -0.38
211447, -0.29, 9.78, -2.02, 24.38, -24.22, -112.06, -1.24, -0.81, -0.28
211701, 0.98, 9.25, -1.94, 28.08, -25.80, -100.92, -0.90, -0.29, -0.51
211949, -2.07, 9.24, -4.64, 32.26, -25.34, -100.41, 0.27, -0.48, 0.34
212195, 1.38, 8.54, -3.08, 27.70, -24.82, -109.60, 1.32, 0.35, 0.71
212443, -0.45, 8.46, 0.60, 24.41, -22.70, -114.34, 0.44, 1.20, -0.11
212688, -2.54, 9.45, -2.02, 23.79, -24.48, -111.31, -0.80, 0.57, -0.36
212936, -0.09, 9.12, -1.89, 26.07, -24.89, -103.52, -0.74, 0.52, -0.40
213184, 0.75, 9.22, -2.89, 30.21, -25.17, -96.58, -0.63, -0.37, -0.53
213438, 0.70, 12.13, -6.01, 30.28, -26.00, -103.29, 1.22, 1.05, 0.60
213686, 1.21, 7.26, -2.16, 24.98, -24.38, -113.11, 0.53, 0.49, 0.63
213932, -1.52, 6.28, -3.82, 23.49, -23.68, -112.34, -1.71, 0.17, -0.18
214179, -2.08, 8.79, -0.87, 27.42, -24.23, -103.64, -1.34, -0.34, -0.35
214427, 0.88, 8.97, -2.71, 30.55, -23.56, -94.58, -0.87, -0.26, -0.47
214675, -0.23, 12.09, 0.90, 37.21, -23.19, -94.52, 0.63, -1.20, 0.18
214921, 2.47, 8.65, -3.82, 30.58, -24.98, -104.78, 1.39, 0.44, 0.96
215169, -0.25, 8.75, -0.39, 23.08, -25.27, -108.67, 0.06, 1.02, 0.19
215422, 6.14, 8.97, -3.59, 25.83, -25.33, -109.85, -0.60, 0.62, 0.35
215670, -1.95, 9.73, -3.07, 26.03, -25.31, -101.10, -1.09, -0.52, -0.18
215916, 1.00, 8.71, -3.22, 31.99, -23.47, -91.23, -1.36, -0.64, -0.71
216164, -1.75, 11.80, -6.86, 34.65, -23.91, -96.49, 0.89, -0.77, 0.81
216412, 0.25, 7.44, -2.67, 26.13, -25.21, -110.32, 0.95, 0.29, 0.83
216848, -2.06, 10.43, -2.17, 24.52, -24.25, -111.41, -0.63, -0.26, -0.33
217225, 0.01, 9.03, -3.73, 30.99, -24.74, -98.17, -1.07, -0.15, -0.67
217708, 1.61, 8.75, -2.79, 29.77, -24.50, -108.29, 1.38, 0.79, 0.84
217960, -1.33, 7.76, 2.47, 21.00, -23.78, -113.74, 0.06, 1.20, 0.16
218208, -0.58, 8.33, -2.44, 24.28, -24.36, -109.73, -0.88, 0.32, -0.49
218456, -0.57, 9.20, -1.99, 27.36, -24.26, -100.29, -0.99, -0.17, -0.51
218701, 1.96, 13.71, 0.56, 34.86, -23.76, -91.68, 0.62, 0.28, -0.23
218949, 2.29, 9.90, -4.10, 33.22, -24.70, -103.33, 1.51, -0.07, 0.84
219197, -0.36, 8.97, -1.10, 23.82, -23.33, -114.82, 0.64, 0.29, 0.52
219451, -4.16, 4.40, -10.87, 28.05, -23.14, -114.76, -1.40, -0.86, 0.19
219699, -1.52, 9.29, -1.85, 29.35, -24.61, -105.06, -1.23, -1.01, -0.35
219947, 0.92, 8.98, -1.75, 32.15, -24.85, -96.67, -0.79, -0.54, -0.48
220194, -1.32, 11.24, -6.48, 37.23, -26.16, -99.85, 0.93, 0.45, 0.43
220440, 0.58, 7.65, -3.03, 34.73, -24.64, -111.46, 1.28, -0.01, 0.85
220688, 0.51, 2.73, 2.70, 29.25, -21.06, -111.47, -0.98, 0.08, -0.25
220936, -0.23, 9.42, -1.60, 26.94, -21.51, -100.70, -1.16, 0.12, -0.33
221192, 0.99, 8.53, -2.75, 27.11, -19.94, -93.36, -1.09, -0.36, -0.37
221437, 1.16, 14.53, 0.63, 30.71, -20.46, -91.16, 0.44, -0.81, 0.25
221685, 2.36, 8.60, -4.01, 23.88, -22.65, -107.19, 1.64, 0.81, 0.83
221933, 1.92, 6.21, 0.57, 24.06, -18.06, -119.76, 0.89, 0.62, -0.07
222179, -17.55, 16.92, 8.35, 18.44, -19.35, -117.71, -2.00, 3.25, 0.93
222427, 0.38, 9.13, -1.09, 19.54, -23.38, -107.63, -1.27, -0.36, -0.12
222674, -0.49, 9.35, -2.43, 22.71, -24.60, -97.53, -0.97, -0.04, -0.42
222920, 0.80, 10.17, 0.45, 28.24, -25.80, -95.67, 0.37, -1.54, 0.42
223176, 1.59, 10.07, -3.56, 22.24, -25.42, -109.28, 1.61, 0.64, 0.78
223422, -2.44, 7.10, 2.33, 19.99, -20.97, -117.32, 0.99, 1.15, 0.01
223670, -1.06, 10.08, -1.49, 22.73, -22.27, -114.88, -0.78, -0.37, -0.50
223918, 0.86, 8.77, -2.65, 25.58, -24.06, -104.50, -1.34, 0.38, -0.95
224163, 2.97, 11.98, -1.83, 33.97, -21.72, -92.82, -0.88, -0.84, -0.47
224411, 3.18, 11.37, -6.39, 31.75, -24.61, -98.52, 1.65, 2.74, 0.53
224659, 0.02, 5.51, -3.93, 24.47, -23.93, -110.11, 0.39, 0.98, 0.46
224915, -3.12, 4.82, -4.24, 25.88, -22.39, -112.72, -0.21, 0.45, -0.23
225161, -1.82, 9.37, -1.14, 28.47, -23.08, -103.13, -1.26, 0.08, -0.58
225409, -3.53, 9.96, -2.90, 35.17, -19.09, -95.00, -0.65, -0.35, -0.74
225656, 0.01, 10.21, -6.10, 37.65, -19.00, -96.13, 0.69, 1.45, 0.33
225904, 0.79, 8.00, -2.70, 32.27, -22.93, -98.64, 1.06, 0.72, 0.74
226150, 1.33, 2.88, -0.75, 30.01, -21.38, -98.06, -2.12, -0.71, -0.54
226398, 0.11, 8.60, -1.36, 31.18, -21.28, -87.80, -0.92, 0.27, 0.03
226652, 0.99, 8.95, -2.65, 34.05, -15.90, -80.52, -0.85, -0.11, -0.51
226899, 4.13, 13.99, -1.57, 38.98, -11.62, -76.02, 0.40, -0.25, -0.48
227145, 0.06, 9.98, -3.90, 36.64, -17.04, -80.68, 1.72, 1.29, 0.93
227393, -0.52, 6.86, -1.86, 24.69, -22.87, -85.82, 0.43, 1.83, 0.42
227641, 7.11, 3.49, -5.84, 23.63, -23.79, -83.59, -1.70, -1.52, -0.61
227887, -0.55, 9.39, -2.05, 24.74, -17.29, -73.46, -1.31, -0.79, -0.48
228134, -1.20, 9.38, -1.72, 28.57, -8.81, -66.59, -1.10, -0.06, -0.83
228390, 1.02, 11.36, -7.66, 32.72, -12.82, -70.48, 0.77, 1.57, 0.66
228638, 1.49, 7.12, -1.76, 15.73, -24.36, -78.63, 0.85, -0.06, 0.77
228884, 1.57, 19.60, 3.83, 5.71, -25.10, -82.71, 2.98, 1.65, -0.01
229132, 0.03, 10.51, -2.01, 6.40, -22.07, -75.94, -0.97, 1.12, -0.51
229378, 0.85, 9.15, -1.04, 10.63, -15.02, -65.80, -1.01, 0.04, -0.60
229625, -1.67, 9.43, -2.49, 18.71, -14.47, -64.50, 0.69, 0.88, -0.16
229873, 2.66, 9.16, -2.62, 5.47, -20.18, -74.83, 1.80, 1.46, 0.34
230119, -0.74, 9.89, 0.78, -5.06, -22.23, -80.50, 0.89, 1.82, 0.01
230373, -1.78, 10.52, -1.26, -7.03, -22.57, -81.89, -0.52, 0.07, 0.44
230621, -0.97, 9.66, -2.06, -4.69, -18.43, -72.65, -1.15, -0.10, -0.43
230868, 0.28, 9.81, -0.66, -0.37, -14.25, -64.94, -0.37, 0.13, -0.48
231114, -0.45, 11.33, -7.23, 5.28, -17.68, -67.42, 0.78, 1.22, 0.52
231362, 0.18, 7.80, -1.08, -6.93, -22.57, -84.23, 0.68, -0.36, 0.79
231610, 0.03, 8.01, 1.66, -14.81, -20.17, -92.74, 0.09, 1.07, -0.01
231856, -1.06, 9.05, 0.10, -13.78, -19.94, -87.59, -0.96, 0.00, -0.18
232112, 0.27, 9.46, -0.98, -8.86, -18.52, -77.68, -0.73, -0.64, -0.58
232359, -1.56, 8.37, -3.07, 0.06, -20.05, -73.60, -0.12, -0.87, 0.04
232605, 2.86, 8.83, -1.39, -9.05, -20.78, -84.16, 1.06, 0.39, 0.48
232857, 1.03, 7.87, 3.29, -15.80, -19.88, -94.71, 0.42, 0.49, 0.07
233105, -1.78, 16.89, -8.79, -15.49, -19.13, -90.56, -0.94, -0.05, 0.61
233353, 0.46, 9.58, 1.29, -13.90, -19.34, -85.84, -0.19, 0.50, -0.53
233601, 1.12, 13.20, 4.07, -6.85, -21.40, -80.33, 0.61, 0.03, -0.67
233854, 0.59, 8.71, -0.70, -12.28, -21.67, -90.81, 0.90, 1.26, 0.48
234100, -1.70, 9.07, 1.31, -19.16, -18.21, -97.14, 0.67, 0.55, 0.51
234348, 0.07, 19.60, -1.27, -14.10, -17.67, -112.79, -2.11, -1.08, -0.61
234596, -3.54, 9.68, -0.79, -17.16, -19.04, -103.41, -1.19, -0.08, -0.03
234844, -0.42, 9.75, -2.33, -13.11, -22.23, -95.15, -1.11, 0.17, -0.67
235091, -0.86, 10.42, 0.89, -4.78, -26.09, -90.34, 1.19, 0.35, 0.14
235337, 1.41, 8.76, -3.36, -8.51, -23.76, -104.31, 1.26, 1.71, 0.62
235585, -1.86, 8.67, 1.13, -14.53, -14.78, -117.19, 0.89, 1.83, 0.47
235841, -4.08, 12.33, -8.80, -8.75, -17.57, -117.55, -1.61, -0.32, 0.19
236087, -1.21, 10.00, -1.01, -6.42, -21.98, -109.84, -0.76, 0.28, -0.34
236335, 0.15, 9.31, -2.18, -3.08, -24.48, -101.93, -0.56, -0.32, -0.50
236582, -2.06, 9.03, -1.96, 0.18, -26.51, -100.63, 0.12, -1.27, 0.19
236828, 3.24, 7.79, -2.25, -6.53, -16.95, -117.57, 1.74, 0.22, 0.68
237076, 2.69, 1.34, 2.67, -8.18, -9.89, -124.14, -1.24, -0.87, -0.98
237322, 0.76, 9.42, -2.15, -9.00, -16.92, -116.75, -1.12, -0.61, -0.29
237596, 0.25, 8.93, -3.20, -7.57, -23.11, -102.27, -0.92, -0.93, -0.49
237844, 0.26, 10.58, -4.28, -6.83, -25.12, -100.26, 0.53, -2.98, 0.63
238090, 1.07, 7.78, -0.35, -19.58, -17.77, -107.31, 0.71, -1.88, 0.50
238338, 1.51, 7.90, 4.91, -26.92, -13.45, -103.32, -0.14, -0.20, -0.22
238585, -0.24, 9.20, 0.66, -26.29, -15.73, -94.11, -0.58, -0.43, -0.60
238831, -2.72, 9.23, -2.02, -22.07, -16.30, -79.44, -0.91, -0.44, -0.31
239079, -5.18, 13.48, -1.79, -12.47, -16.68, -69.45, -0.57, -1.81, -0.18
239335, -0.01, 8.31, -3.96, -12.34, -21.56, -78.84, 1.63, 0.15, 0.81
239581, -4.49, 8.20, 2.23, -18.90, -20.05, -87.71, 0.83, 0.25, 0.12
