Jason Thigh Data Day 3 Test 1: Motion data
1744, 0.96, 8.65, -4.51, 35.63, -22.92, -87.56, -0.03, 0.02, -0.18
1986, 1.34, 8.47, -4.72, 37.21, -22.11, -87.11, -0.05, -0.01, -0.14
2232, 2.04, 8.74, -4.58, 38.10, -21.41, -87.93, 0.07, 0.08, -0.09
2482, 0.68, 9.03, -4.10, 37.85, -21.31, -86.38, 0.14, 0.40, -0.04
2729, -0.96, 12.79, -4.04, 33.88, -24.16, -89.29, 1.35, 0.08, 0.92
2977, -2.47, 8.36, -1.14, 29.30, -24.16, -110.25, 0.75, -1.97, 0.04
3223, -0.82, 10.11, 0.30, 29.92, -22.99, -110.01, -0.37, 0.83, -0.63
3479, 3.66, 8.96, -3.17, 35.84, -22.76, -100.66, -1.49, 0.51, -0.42
3725, 1.29, 10.36, -2.87, 37.49, -18.49, -81.25, -1.54, 0.04, -0.19
3973, 6.84, 15.31, -12.84, 34.30, -20.65, -80.69, 1.72, 1.82, -1.86
4218, -1.84, 4.88, -5.40, 35.72, -22.79, -97.52, -0.06, -2.27, 0.37
4466, 11.20, 9.78, -11.40, 35.08, -23.40, -97.82, -0.76, -1.50, -0.62
4784, 0.20, 10.69, -3.41, 37.21, -16.95, -77.27, -1.06, 0.39, -0.20
5029, 1.70, 8.83, -8.23, 34.65, -21.91, -83.66, 2.38, -1.11, -0.07
5277, -3.86, 13.48, -2.74, 34.27, -23.21, -98.86, 0.44, 0.18, -0.87
5531, -1.30, 10.36, -2.77, 33.13, -22.96, -102.22, -1.46, 0.53, -0.47
5777, 1.62, 7.90, -3.41, 35.52, -20.17, -82.94, -1.48, 0.29, -0.29
6025, 11.28, 16.43, -14.62, 33.50, -21.57, -82.87, 2.48, 3.23, -2.24
6270, 1.41, 1.84, -6.02, 34.01, -23.95, -99.72, -0.35, -2.73, 0.22
6518, 13.08, 12.81, -10.45, 31.92, -23.60, -100.18, -0.90, -0.69, -0.99
6766, 3.00, 8.72, -4.56, 34.38, -21.00, -84.39, -1.49, 0.65, -0.30
7012, -3.11, 10.53, -9.68, 32.91, -22.36, -84.77, 0.45, 3.96, -0.44
7268, 2.16, 1.51, -6.64, 34.57, -22.22, -96.59, -0.21, -2.00, -0.12
7514, -2.69, 10.24, -0.62, 35.56, -20.96, -99.94, -1.10, 1.64, -0.34
7761, 1.49, 8.59, -4.58, 36.52, -20.15, -87.18, -1.54, 0.54, -0.35
8007, 1.24, 13.82, -2.01, 36.95, -15.40, -77.59, -0.04, 0.47, 0.06
8255, 2.65, 6.79, -7.00, 35.63, -20.55, -87.05, 1.61, -0.71, -0.33
8501, -1.02, 12.37, 11.25, 36.01, -20.08, -105.57, 0.80, -1.12, -0.02
8749, 3.34, 9.84, -3.17, 37.90, -19.92, -98.80, -1.46, 1.04, -0.10
8994, 1.48, 9.94, -3.85, 39.83, -16.06, -80.43, -1.13, 0.22, -0.34
9248, 7.45, 13.03, -11.55, 37.46, -20.26, -83.19, 2.21, -0.10, -0.86
9494, -2.00, 8.67, -3.18, 37.36, -22.08, -101.32, -0.77, -1.68, -0.22
9742, 6.37, 2.76, -12.66, 38.51, -21.03, -102.50, -3.64, 1.16, -0.25
9988, 2.69, 8.92, -5.14, 41.03, -18.91, -86.16, -1.06, 0.21, -0.18
10235, -11.70, 9.74, 8.55, 40.21, -19.29, -84.49, 5.00, -0.69, 2.32
10481, 2.32, 3.23, -5.99, 46.04, -20.96, -96.78, 0.65, -2.20, 0.39
10909, 3.33, 8.93, -4.19, 40.66, -17.19, -87.97, -1.82, 0.98, -0.12
11540, 3.83, 3.60, -6.26, 35.02, -19.99, -94.53, 0.82, -2.39, 0.10
11978, 3.24, 9.35, -3.39, 37.23, -18.94, -96.57, -2.02, 0.97, -0.32
12226, 1.32, 11.16, -0.98, 38.03, -13.72, -80.72, -1.13, 0.40, -0.25
12472, 3.83, 9.69, -8.33, 36.76, -19.18, -85.65, 2.92, -1.51, -0.28
12720, -2.51, 12.61, -0.01, 38.15, -20.07, -103.29, -1.37, 0.09, -0.26
12965, -2.32, 10.25, -4.34, 38.51, -18.63, -101.02, -1.26, 0.91, -0.55
13213, 2.15, 7.64, -2.32, 39.40, -13.75, -82.34, -1.08, 0.54, -0.24
13592, 4.05, 6.18, -6.59, 37.26, -18.97, -91.52, 1.03, -1.18, -0.20
13905, -3.23, 19.60, 7.64, 41.42, -15.40, -103.36, 1.23, -1.23, 1.49
14153, 1.67, 7.45, -2.50, 39.74, -13.67, -86.31, -1.68, 1.27, -0.27
14399, 2.60, 16.43, 0.84, 37.58, -6.66, -72.54, 0.85, 0.92, -0.23
14647, 2.75, 5.79, -6.43, 33.46, -18.18, -80.09, 1.14, -0.41, -0.14
14893, -4.77, 2.74, -3.35, 37.45, -17.01, -86.25, -1.02, 0.91, -0.42
15140, 3.10, 7.99, -3.46, 37.72, -12.99, -79.26, -1.42, 1.22, -0.33
15386, 2.06, 9.15, -2.09, 34.08, -2.02, -65.17, -1.10, 0.48, -0.24
15642, 5.23, 11.34, -11.16, 23.56, -11.34, -64.45, 2.05, 0.79, -0.74
15888, 0.85, 9.50, -1.04, 27.83, -15.97, -71.37, -0.09, -1.61, -0.50
16136, 10.67, 15.16, -12.13, 31.09, -14.50, -71.67, -0.60, -0.70, -0.98
16384, 1.57, 7.30, -4.35, 22.58, -1.74, -58.68, -0.85, 1.04, -0.32
16629, 4.89, 11.11, -11.27, 13.17, -7.61, -58.52, 2.08, 4.70, -0.73
16877, 3.41, 2.19, -5.69, 10.95, -20.89, -71.35, 0.03, -1.52, -0.21
17123, -0.12, 6.33, 9.10, 14.81, -20.62, -71.32, 1.18, 2.03, 1.29
17379, 2.81, 7.45, -4.78, 11.36, -8.01, -59.98, -1.18, 0.79, -0.32
17698, 5.78, 11.55, -10.08, -4.84, -16.72, -69.76, 2.64, 2.39, -0.56
17944, 0.31, 7.29, -5.40, -1.04, -23.55, -78.30, -0.45, -2.12, -0.05
18190, 13.37, 13.91, -9.59, 1.94, -26.45, -80.99, -1.03, -1.55, -1.43
18440, 2.02, 7.53, -4.51, -2.70, -15.01, -67.86, -1.06, 1.17, -0.23
18690, 6.02, 14.49, -15.67, -10.79, -17.67, -76.57, 1.99, 5.00, -1.31
18937, 2.86, 2.19, -6.49, -8.48, -23.93, -89.83, -0.34, -2.06, -0.00
19191, -7.54, -9.59, -5.59, -6.34, -23.90, -90.88, -0.92, 1.00, 0.82
19439, 2.58, 9.07, -3.82, -5.13, -19.32, -76.95, -1.77, 0.53, -0.33
19687, -15.47, -0.29, 5.40, -9.32, -17.07, -77.19, 4.52, 0.97, 1.58
19933, 1.18, 0.95, -6.64, -8.92, -23.95, -98.61, 0.65, -1.98, 0.20
20180, -11.68, 5.89, 5.16, -6.47, -26.00, -97.76, 0.58, -0.89, 1.51
20426, 3.40, 8.75, -3.45, -5.35, -25.27, -84.68, -1.21, 0.49, -0.58
20674, -0.08, 19.60, -1.16, -4.85, -23.84, -82.53, 3.78, 0.59, 0.36
20920, 4.09, 3.10, -6.60, -1.30, -25.53, -109.32, 0.46, -1.55, 0.32
21176, -4.46, 15.73, -4.99, 3.54, -26.53, -110.06, 1.19, -1.68, -0.01
21422, 3.27, 10.36, -0.64, 8.80, -27.52, -99.14, -0.66, 0.30, -0.47
21669, 1.09, 19.00, 2.26, 8.30, -26.45, -91.48, 0.51, 0.14, 0.20
21915, 4.26, 4.62, -7.13, 10.14, -22.32, -115.29, 0.67, -1.90, 0.25
22163, -2.87, 1.43, -9.68, 1.80, -22.32, -114.57, -1.58, 0.73, -0.83
22409, 1.72, 8.29, -2.94, 1.61, -25.18, -105.67, -1.54, 0.50, -0.17
22657, 1.55, 12.91, 0.04, 2.70, -27.00, -91.17, -0.61, -0.54, 0.78
22913, 5.97, 8.32, -7.27, -3.79, -25.36, -111.63, 1.39, -2.10, 0.32
23158, 0.60, 13.52, 11.77, -17.82, -24.51, -101.90, 2.20, -2.87, -0.02
23406, 1.85, 8.62, -5.56, -18.84, -23.49, -84.49, -1.23, 1.49, -0.26
23652, 0.07, 10.32, -4.33, -18.72, -16.66, -70.70, -0.97, 0.16, -0.03
23900, 1.33, 9.20, -8.09, -14.64, -21.98, -80.52, 3.87, -1.55, 0.38
24147, -2.48, 12.54, -3.35, -9.00, -25.55, -83.92, -0.59, 1.03, -0.99
24393, -0.93, 12.81, -8.37, -4.17, -24.82, -79.76, -0.30, 0.22, 0.01
24641, 2.36, 6.93, -3.52, -6.80, -16.08, -68.02, -1.18, 0.18, -0.09
24895, 7.18, 9.87, -11.38, -11.37, -21.43, -79.30, 2.45, -0.67, -0.70
25143, -3.34, 7.81, -5.55, -8.46, -25.14, -85.65, -0.52, -1.92, -0.12
25389, 0.68, 0.98, -8.95, -5.00, -24.69, -81.23, -2.20, -2.13, -0.52
25636, 1.04, 7.70, -5.66, -4.50, -18.25, -68.90, -0.94, 0.86, -0.56
25882, 10.65, 12.04, -11.65, -12.06, -18.49, -75.21, 1.53, 3.92, -1.63
26130, -0.24, 1.87, -7.36, -8.71, -24.01, -83.81, -0.20, -2.26, 0.30
26376, 3.12, 3.00, -0.25, -4.09, -24.54, -79.14, -0.26, 0.56, 1.48
26632, 2.16, 7.04, -4.77, -3.76, -15.13, -65.11, -0.85, 0.34, -0.10
26877, 8.34, 12.65, -13.04, -10.60, -12.80, -65.99, 0.46, 3.60, -1.12
27125, 0.21, 1.02, -7.55, -3.39, -22.14, -73.31, -0.16, -2.98, 0.61
27371, -2.44, 4.48, 0.29, 5.63, -20.36, -68.34, 0.22, 0.93, 0.94
27617, 1.13, 7.69, -2.85, 3.45, -9.47, -57.79, -0.49, -0.06, 0.02
27865, -9.81, 13.65, 1.43, 2.94, -6.53, -56.49, 4.38, -1.35, 2.12
28110, 1.68, 1.97, -6.78, 4.14, -20.91, -69.26, 0.81, -1.46, 0.39
28364, -1.06, 14.17, -6.05, 15.89, -20.94, -68.59, -0.82, 0.61, 0.27
28612, 1.52, 7.72, -3.80, 10.64, -9.43, -58.11, -0.74, 0.50, -0.25
28858, -0.68, 19.60, -0.61, 7.64, -1.46, -53.80, 0.20, -0.41, 0.28
29104, 3.87, 5.29, -7.93, 3.33, -21.47, -70.07, 1.24, -1.10, -0.10
29351, 12.79, 12.51, -7.93, 12.58, -25.48, -74.44, 0.34, -1.83, -0.28
29599, 1.55, 8.92, -3.66, 7.82, -15.93, -64.28, -1.64, 1.33, -0.42
29845, 0.64, 13.89, -2.18, 3.23, -5.66, -57.15, -0.66, 0.71, 0.09
30091, 3.63, 5.51, -5.84, -5.92, -21.97, -74.74, 1.46, 0.47, -0.75
30351, -7.31, 4.84, -4.54, 3.68, -25.55, -78.49, -2.44, 0.75, -0.74
30603, 2.50, 8.97, -5.06, 1.29, -18.97, -67.35, -2.14, 0.80, -0.37
30855, -1.20, 13.16, 0.07, -1.21, -11.65, -61.49, -0.43, 0.80, -0.11
31107, 4.02, 4.89, -5.10, -7.97, -25.87, -85.00, 0.87, 0.09, -0.31
31358, -9.07, 3.46, -0.40, -3.54, -29.23, -87.12, -2.06, 0.55, -0.09
31610, 2.74, 8.47, -3.21, -3.04, -26.22, -78.49, -1.64, 1.38, -0.46
31862, 0.61, 13.06, -0.65, -2.66, -22.27, -69.32, -0.53, 0.95, -0.08
32122, 3.03, 3.46, -3.59, -4.11, -29.01, -99.93, 2.27, 0.57, -0.56
32368, -5.77, 5.65, -3.35, -1.32, -29.09, -105.19, -1.72, 1.47, -0.58
32616, 3.33, 8.83, -5.58, 2.43, -29.57, -92.34, -2.20, 1.07, -0.50
32862, 1.87, 10.04, -2.80, 4.56, -28.81, -84.73, -0.90, 0.76, -0.25
33107, 0.47, 8.34, -7.65, 7.32, -29.80, -104.56, 3.44, 0.23, -0.13
33357, -1.25, 16.19, 10.74, 9.05, -26.67, -115.74, 1.16, 2.41, -1.24
33607, 6.78, 6.40, -2.74, 16.27, -28.78, -105.35, -1.78, 2.39, -0.10
33853, 3.20, 10.84, -1.39, 19.60, -29.09, -93.25, -0.72, 0.70, -0.28
34109, 1.45, 8.93, -9.59, 23.21, -28.38, -102.21, 2.64, 0.11, -0.51
34355, -1.70, 12.73, 3.89, 24.33, -23.84, -115.86, 0.41, 1.75, -1.33
34603, 7.08, 10.03, -1.18, 29.68, -25.30, -105.17, -1.31, 2.18, 0.03
34848, 4.12, 8.65, -1.70, 34.24, -24.25, -94.08, -0.67, 0.60, -0.34
35096, 5.66, 8.31, -9.29, 34.17, -24.04, -95.18, 2.68, 0.42, -0.63
35342, -2.84, 9.33, -2.65, 34.74, -22.32, -109.78, 0.04, -1.03, -0.57
35590, 2.02, 9.21, -5.31, 36.07, -21.10, -108.81, -0.67, 1.90, -0.26
35844, 1.85, 13.40, -1.30, 40.73, -19.26, -88.02, -1.41, 0.39, -0.19
36091, 7.45, 13.33, -12.44, 35.22, -21.27, -85.36, 1.41, 1.46, -1.44
36337, 1.12, 6.56, -6.41, 35.63, -23.00, -100.00, -0.49, -2.46, 0.19
36585, 4.98, 8.46, -13.56, 40.08, -21.59, -97.12, -2.25, -1.95, -1.03
36833, 2.12, 8.93, -4.00, 41.14, -16.37, -83.63, -1.09, 0.09, 0.09
37079, 10.85, 13.05, -16.28, 35.94, -18.87, -80.28, 1.46, 4.31, -2.19
37326, 2.24, 1.05, -6.36, 37.47, -22.20, -94.81, 0.30, -2.25, 0.28
37582, 7.62, 8.77, -7.51, 39.43, -21.40, -95.53, -1.30, -1.80, -0.76
37828, 1.54, 7.73, -4.49, 38.99, -16.11, -80.77, -0.60, 0.74, -0.17
38076, 5.04, 14.13, -16.68, 34.38, -19.51, -80.56, 0.50, 5.00, -1.49
38322, 2.33, 2.36, -6.79, 38.47, -21.66, -101.33, 0.10, -3.01, -0.40
38569, 1.46, 15.35, 3.99, 41.98, -18.82, -106.21, -0.63, -0.27, 0.52
38815, 0.86, 8.73, -4.33, 39.55, -19.01, -92.37, -1.08, 0.43, -0.55
39063, 3.57, 16.15, 0.80, 37.88, -13.20, -76.85, 0.17, 0.34, -0.13
39309, 3.66, 6.38, -8.21, 37.49, -21.09, -93.10, 1.43, -1.66, 0.12
39563, 3.00, 0.18, -8.81, 39.32, -18.18, -103.32, -2.33, 0.97, -1.44
39811, 3.94, 12.76, -1.78, 40.70, -16.69, -88.31, -0.75, -0.05, -0.21
40183, 14.21, 16.78, -15.66, 35.28, -16.66, -78.30, 2.71, 2.10, -2.30
40558, 1.18, 1.13, -9.21, 39.51, -18.56, -105.17, -2.12, 0.90, -1.04
40830, 3.45, 9.76, -2.14, 43.04, -16.46, -90.51, -1.58, 0.74, -1.07
41076, 4.50, 16.57, 1.61, 40.62, -10.68, -77.71, 0.12, 0.69, 0.06
41322, 4.16, 8.18, -8.39, 40.78, -19.58, -92.20, 1.07, -0.65, -0.25
41578, -6.71, 5.17, -6.88, 41.22, -18.23, -106.49, -1.15, 1.09, -1.17
41826, 2.87, 7.90, -2.93, 46.61, -15.86, -95.15, -2.00, 1.53, -1.78
42072, -0.19, 14.56, -1.38, 43.70, -9.27, -78.57, -0.33, -0.05, 0.21
42317, 3.30, 6.74, -8.39, 42.56, -17.07, -85.88, 0.34, -0.70, -0.32
42565, -8.36, 11.12, 6.02, 40.62, -17.67, -100.94, -0.38, 0.48, -0.19
42811, 1.43, 7.45, -4.81, 38.97, -14.60, -88.80, -2.70, 1.29, -0.54
43059, 2.65, 12.27, 0.34, 38.18, -7.44, -75.84, -0.75, -0.01, 0.23
43304, 2.34, 6.25, -5.26, 35.56, -16.03, -84.74, 2.16, -0.63, 0.14
43558, -1.46, 11.80, 19.60, 36.28, -18.66, -103.48, 2.40, -1.45, -0.24
43806, 0.17, 10.66, -1.77, 38.04, -16.71, -89.04, -2.03, 0.10, -0.44
44052, 1.85, 10.10, -2.64, 39.83, -10.83, -78.76, -1.32, 0.10, 0.40
44300, -1.08, 6.38, -3.21, 37.59, -18.47, -88.06, 3.31, -0.79, 0.31
44546, 4.71, 19.60, 8.21, 37.90, -18.88, -105.09, 1.56, -0.46, -0.36
44793, 2.38, 7.89, -5.34, 39.39, -18.20, -97.41, -1.74, 1.47, -0.68
45039, 2.79, 7.77, -3.64, 38.59, -13.67, -83.57, -0.71, 0.22, -0.02
45295, 5.69, 9.61, -12.72, 36.19, -16.87, -82.26, 1.78, -1.05, -0.57
45541, -1.33, 10.65, -4.96, 37.21, -19.13, -98.19, 0.12, -2.18, -0.18
45789, 2.78, 13.34, -10.20, 42.31, -14.54, -95.25, -1.74, 0.24, -0.99
46034, 2.38, 9.12, -6.92, 41.82, -6.68, -78.37, -0.18, 0.94, -0.50
46282, -8.66, -1.27, -0.00, 37.05, -7.07, -71.13, 1.96, 3.13, 0.40
46528, 1.43, 1.39, -6.41, 34.96, -13.02, -74.61, 0.10, -1.21, 0.24
46774, -5.46, 5.15, 4.41, 39.78, -12.26, -78.68, 0.28, 0.99, 0.60
47028, 1.41, 7.50, -4.26, 35.76, -1.93, -66.50, -0.44, 0.50, -0.42
47276, -1.63, 18.19, -1.18, 27.62, 4.90, -58.04, 1.31, 0.52, -0.33
47521, 4.87, 3.09, -7.11, 18.44, -15.40, -66.24, 0.71, -0.76, -0.26
47769, 6.40, 19.60, -17.66, 28.22, -15.87, -69.77, -0.91, -3.68, -1.08
48015, 2.46, 8.43, -2.28, 20.33, -5.60, -59.13, -0.42, 0.73, -0.45
48261, -0.03, 16.39, 0.95, 14.79, 1.43, -56.14, 0.30, 1.18, -0.29
48510, 5.21, 4.35, -8.69, 2.24, -19.76, -71.18, 0.98, -0.15, -0.35
48760, 19.60, 19.60, -10.94, 7.89, -23.74, -73.97, -0.06, -3.28, -1.04
49014, 3.21, 8.31, -4.34, 3.57, -17.38, -68.61, -1.79, 1.36, -0.64
49262, -0.18, 16.29, 1.45, 0.73, -8.90, -60.90, -0.16, 1.34, -0.36
49508, 4.70, 4.99, -7.35, -6.59, -22.99, -83.09, 0.97, 0.47, -0.56
49756, 1.56, 4.84, -9.50, -3.23, -25.24, -85.84, -1.95, 0.39, -0.57
50001, 2.18, 8.05, -4.93, -4.11, -20.32, -76.03, -1.95, 1.29, -0.48
50249, 0.50, 14.28, -2.89, -4.11, -15.30, -68.72, -0.56, 0.86, -0.16
50495, 4.87, 5.47, -7.34, -5.09, -23.37, -90.60, 1.20, 0.60, -0.95
50749, -8.32, 9.30, -6.13, -3.14, -24.52, -90.56, -3.63, -0.35, 0.12
50997, 2.34, 6.87, -6.93, -6.23, -22.74, -85.55, -1.61, 0.89, -0.17
51243, 2.00, 10.02, -2.69, -6.52, -20.77, -76.28, -0.60, 0.80, -0.23
51490, -1.05, 7.13, -7.10, -12.53, -25.83, -91.16, 2.80, 0.24, -0.26
51736, -0.56, 16.91, 10.89, -7.67, -27.13, -95.98, 2.74, 1.27, -1.36
51984, 5.09, 7.37, -0.53, -0.67, -28.05, -89.83, -0.72, 1.94, -0.48
52230, 3.62, 9.23, -2.47, 2.48, -26.73, -85.30, -0.23, 0.90, -0.41
52477, 3.15, 11.06, -15.86, 2.69, -27.16, -94.83, 2.43, 4.55, -2.37
52733, -2.36, 6.98, -6.49, 7.31, -25.75, -109.16, -0.47, -2.45, 0.39
52979, 2.20, 8.52, -9.05, 13.17, -25.93, -106.34, -1.80, -0.98, -0.53
53227, 2.29, 8.30, -4.76, 15.57, -26.91, -96.43, -0.52, 0.38, -0.12
53473, -4.08, 3.06, -2.37, 11.66, -26.26, -99.50, 2.01, 1.74, 1.08
53721, 0.60, 3.56, -6.87, 6.88, -23.94, -114.13, 0.10, -3.11, 0.24
53966, 3.90, 10.36, -13.47, 2.15, -26.79, -106.43, -3.22, -0.02, -0.23
54214, 0.77, 9.14, -4.69, -2.31, -26.53, -90.53, -0.92, 0.47, 0.02
54466, 0.93, 19.60, 0.82, -7.69, -25.69, -87.97, 0.81, -0.50, 1.13
54714, 5.44, 5.64, -8.35, -15.55, -27.38, -100.60, 0.73, -2.39, -0.03
54960, -6.17, 4.53, -4.56, -7.73, -29.07, -93.19, -0.99, 0.31, -1.10
55207, 4.40, 9.80, -3.23, -6.83, -22.58, -73.47, -0.86, 0.44, -0.05
55453, 2.68, 8.91, -1.71, -8.99, -16.19, -67.52, -0.82, 0.10, 0.47
55701, 2.54, 7.10, -6.10, -9.84, -22.64, -80.33, 2.76, -1.81, 0.63
55947, -0.49, 13.43, 0.65, -4.08, -27.21, -85.37, 0.31, 0.14, -0.68
56203, 3.43, 10.93, -7.36, 1.10, -24.32, -74.85, -2.15, 0.35, -0.25
56449, 3.62, 6.60, -4.28, -3.70, -17.99, -68.85, -0.75, 0.47, -0.05
56696, 7.55, 13.35, -15.09, -10.54, -18.69, -73.31, 0.92, 3.65, -1.68
56944, 1.57, 3.27, -5.38, -6.85, -25.49, -84.71, 0.39, -1.14, 0.02
57190, 2.60, 2.01, -2.58, -2.16, -25.23, -80.31, -1.53, 1.48, 0.04
57438, 3.92, 6.87, -7.85, -4.03, -18.28, -69.28, -0.75, 0.67, -0.53
57683, -7.24, 19.60, 0.00, -7.03, -15.86, -68.28, 5.00, -0.43, 2.29
57931, 2.37, 3.34, -7.08, -5.47, -26.25, -86.41, 0.89, -2.61, 0.19
58185, 3.79, 19.60, -13.28, 4.37, -25.15, -75.71, -2.60, 0.91, -0.12
58431, 1.96, 7.94, -6.11, -0.26, -14.31, -63.31, -1.18, 0.33, -0.25
58679, 2.41, 19.60, 5.08, -1.64, -11.25, -60.93, 1.50, -1.05, 1.13
58925, 2.99, 4.54, -8.39, -2.10, -25.31, -78.71, 1.08, -2.16, 0.53
59172, 8.97, -0.83, -6.72, 5.36, -26.31, -76.10, -1.89, 0.44, -1.33
59418, 2.54, 10.52, -3.58, 5.19, -16.18, -63.23, -0.80, 0.35, -0.02
59666, 1.48, 19.60, 5.18, 1.83, -14.85, -63.61, 3.28, -1.46, 1.15
59926, 1.27, 3.79, -4.35, -2.57, -27.61, -87.27, 0.20, -1.54, 0.20
60178, 1.36, 7.60, 2.25, -1.21, -28.15, -89.46, 0.29, 0.37, -0.31
60430, 5.33, 4.69, -7.35, 2.72, -28.31, -83.94, -1.45, 2.77, 0.68
60682, 1.21, 7.49, -0.05, -0.86, -27.19, -81.83, 0.34, 0.81, 0.20
60934, 3.91, 7.87, -0.82, -4.82, -27.95, -90.92, 0.11, 0.16, 0.22
61186, 1.28, 9.01, 1.16, -4.85, -26.95, -84.61, -0.46, -0.12, -0.18
61437, 1.88, 10.64, 4.36, -3.22, -25.58, -77.26, 0.08, -0.34, 0.04
61689, 1.27, 6.86, -1.05, 0.28, -27.14, -80.66, -0.08, -0.52, -0.06
61947, 3.23, 3.79, -3.48, 4.60, -26.31, -77.40, -0.87, 0.57, -0.39
62195, 2.98, 8.41, -4.11, 4.47, -23.24, -71.66, -0.98, 1.01, -0.11
62441, 0.99, 10.45, -1.84, 0.19, -14.91, -63.08, -1.45, 0.46, -0.16
62687, 3.46, 6.80, -6.42, -3.26, -23.30, -74.35, 1.95, -1.17, 0.12
62935, 0.16, 9.99, 1.61, 7.95, -27.76, -80.30, -0.02, -0.28, -0.73
63180, -10.31, -1.57, -6.94, 10.61, -26.24, -79.90, -1.80, 1.40, 0.65
63430, 3.16, 7.48, -1.91, 6.61, -20.14, -69.18, -1.83, 1.46, -0.04
63688, -5.76, 19.60, 1.85, 3.93, -13.07, -60.48, 2.77, -0.40, 0.90
63934, 3.00, 4.25, -5.08, -2.82, -27.87, -83.44, 0.56, -1.25, -0.28
64182, 9.32, 14.05, -4.07, 1.51, -29.16, -84.52, 0.47, -0.47, -0.23
64428, 2.77, 9.63, -2.73, 2.81, -27.04, -78.44, -1.09, 1.71, -0.52
64675, 2.10, 12.99, -0.55, -0.23, -19.76, -67.30, -0.29, 0.79, -0.42
64923, 3.18, 5.80, -6.23, -4.19, -28.94, -94.36, 2.62, 1.10, -0.56
65169, -0.68, 17.79, 17.38, -2.54, -28.47, -103.23, 1.37, 1.15, -0.18
65417, 2.12, 9.38, -2.61, -0.29, -29.51, -101.39, -1.46, 0.83, -0.46
65671, 3.32, 9.80, -2.86, 5.16, -29.14, -86.45, -1.31, 0.76, -0.56
65918, 4.94, 12.06, -10.43, 6.97, -30.11, -101.11, 2.34, 2.93, -1.30
66164, 1.27, 5.88, -4.51, 8.01, -27.90, -113.84, 0.00, -1.79, 0.19
66412, 16.99, 12.19, -5.21, 13.91, -25.20, -117.44, 0.37, -0.50, -1.28
66660, 2.34, 8.69, -3.53, 19.03, -28.62, -103.60, -1.49, 0.86, -0.04
66906, -9.59, 7.90, -1.51, 18.12, -28.47, -98.96, 1.80, 2.03, 0.76
67153, 1.48, 2.77, -5.35, 24.86, -24.80, -114.44, 0.66, -1.25, -0.26
67409, 1.54, 19.60, -6.49, 27.52, -22.49, -118.43, 0.29, -1.99, 0.27
67657, 2.68, 7.76, -4.77, 31.69, -23.75, -106.80, -0.81, 1.34, -0.48
67903, 0.05, 13.15, -0.07, 35.02, -22.71, -90.97, -0.49, 0.80, -0.19
68151, 2.63, 7.42, -5.62, 36.92, -22.61, -101.75, 1.83, 0.34, -0.17
68399, 1.52, 13.42, 14.23, 37.62, -18.09, -113.81, 0.88, 0.38, -0.58
68644, 4.04, 9.30, -3.91, 39.61, -17.92, -104.56, -1.40, 0.87, -0.30
68892, 1.65, 12.01, -2.51, 40.16, -15.76, -85.33, -1.70, 0.04, -0.17
69146, 0.82, 8.80, -6.64, 39.17, -19.69, -88.09, 2.67, -0.65, -0.17
69394, -0.74, 13.88, 4.33, 38.92, -19.73, -107.89, 0.55, -0.29, -0.42
69898, 2.91, 7.76, -2.44, 41.64, -14.66, -84.20, -1.17, 0.93, -0.25
70176, 1.70, 9.83, -7.15, 39.32, -19.07, -85.95, 2.53, -1.12, 0.33
70422, -1.77, 7.97, -2.47, 39.59, -20.29, -103.42, -0.01, -0.97, -0.69
70670, 2.03, 10.59, -4.14, 41.84, -18.20, -103.10, -1.85, 0.26, -0.15
70920, 3.56, 8.14, -2.46, 39.26, -15.83, -81.95, -1.55, 0.59, -0.10
71165, 4.05, 9.95, -9.14, 37.43, -20.27, -83.02, 1.43, -1.78, -0.14
71421, -2.48, 9.12, -2.24, 38.37, -20.27, -103.38, -0.17, -1.59, -0.06
71669, 12.83, 7.12, -5.72, 39.68, -18.85, -105.28, -0.85, 0.86, -0.04
71915, 3.46, 7.55, -4.25, 41.25, -16.78, -87.58, -1.53, 1.02, -0.19
72163, -13.88, 6.70, 1.85, 39.46, -16.88, -83.37, 3.99, 0.20, 1.38
72409, 2.10, 4.38, -5.54, 40.37, -19.45, -96.29, 0.77, -2.18, -0.02
72656, 3.88, 11.77, -0.46, 40.15, -17.17, -107.92, -0.38, 0.06, -0.09
72902, 1.03, 8.84, -2.65, 41.06, -17.57, -97.72, -1.44, 0.95, -0.21
73156, 1.79, 12.14, -2.30, 40.53, -12.72, -79.36, -0.21, 0.64, -0.11
73404, 3.05, 7.88, -4.14, 39.26, -19.37, -88.76, 1.89, -0.56, 0.01
73650, 1.66, 18.54, 6.13, 40.50, -18.46, -104.62, 2.01, -0.40, -0.52
73897, 5.47, 9.20, -2.46, 41.45, -17.19, -103.92, -1.08, 0.42, -0.00
74143, 3.09, 9.08, -2.81, 41.70, -15.30, -85.33, -1.96, 0.42, -0.13
74391, 9.18, 17.14, -10.21, 39.97, -17.30, -82.80, 1.32, 1.87, -1.54
74637, 1.99, 4.02, -6.05, 42.77, -17.35, -103.92, -1.01, -2.23, -0.28
74893, 11.62, 8.47, -10.61, 44.17, -15.05, -108.39, -1.39, 0.27, -0.33
75141, 3.17, 7.71, -3.77, 46.33, -14.02, -88.18, -1.63, 1.42, -0.15
75386, -11.08, 5.78, -2.78, 42.98, -13.88, -82.65, 2.40, 1.85, 0.64
75634, 1.42, 2.98, -6.17, 36.98, -17.04, -94.68, 0.16, -2.38, 0.00
75882, -12.46, -0.73, 0.01, 37.43, -14.60, -106.20, 0.41, -0.44, 0.97
76128, 2.03, 7.90, -2.60, 37.31, -16.21, -90.44, -1.36, 1.40, -0.25
76376, -1.29, 18.09, -0.18, 37.61, -12.20, -79.45, 1.36, 0.13, 0.34
76621, 3.50, 5.59, -5.83, 37.20, -18.72, -94.78, 1.05, -2.08, 0.20
76875, -0.56, 3.06, -5.13, 39.97, -16.31, -106.55, -1.11, 1.71, -0.64
77123, 2.23, 8.53, -3.00, 40.62, -15.73, -95.03, -1.56, 1.32, -0.21
77369, 0.19, 12.47, -0.06, 40.57, -10.96, -79.79, -1.00, 0.12, 0.02
77617, 2.43, 7.41, -5.16, 37.84, -18.47, -88.40, 1.96, -0.21, -0.00
77862, -2.65, 19.60, 16.53, 38.18, -17.77, -103.10, 3.74, -0.48, -0.79
78110, 3.95, 9.88, -2.61, 40.78, -14.86, -99.21, -1.31, 0.76, -0.22
78356, 4.14, 8.66, -1.84, 40.56, -11.03, -81.23, -1.48, 0.58, -0.37
78616, 2.30, 9.83, -9.35, 33.95, -15.43, -77.70, 1.98, -0.06, -0.52
78864, -2.64, 11.17, -0.42, 38.22, -18.93, -92.30, 0.39, -1.89, 0.49
79112, 7.85, 9.96, -4.13, 40.22, -15.32, -88.64, -1.04, 0.44, -0.50
79357, 2.74, 7.97, -2.47, 37.14, -8.65, -70.70, -1.64, 0.82, -0.33
79605, -6.87, 8.22, -1.25, 32.70, -9.88, -68.12, 2.57, 2.02, 0.68
79851, 1.18, 3.94, -4.49, 28.69, -18.93, -76.63, 0.22, -1.61, -0.16
80099, 2.50, 7.42, 7.67, 32.97, -20.40, -84.71, 2.66, -3.56, 0.32
80345, 1.94, 9.52, -2.39, 32.10, -12.55, -72.08, -1.09, 1.42, -0.54
80599, 0.35, 12.41, -0.87, 26.59, -1.70, -60.45, -0.33, 0.84, -0.34
80846, 1.82, 7.69, -5.99, 13.10, -17.71, -68.52, 2.05, 0.76, -0.15
81092, -2.38, 19.60, 16.67, 15.93, -22.30, -75.83, 3.47, 2.26, -0.88
81340, 2.41, 10.66, -4.04, 15.13, -22.43, -75.21, -0.67, 0.78, -0.28
81586, 4.30, 9.61, -1.52, 8.29, -14.22, -62.44, -0.93, 0.49, -0.38
81833, 5.97, 12.29, -10.34, -0.79, -20.86, -71.95, 1.74, 4.47, -0.23
82081, 1.89, 4.63, -2.69, -2.22, -26.76, -88.73, 0.52, -1.06, -0.04
82335, -2.08, 4.91, -4.07, -0.89, -27.16, -93.39, -1.55, 1.51, 0.10
82583, 3.92, 8.58, -1.93, 0.01, -26.19, -84.03, -1.20, 0.85, -0.05
82829, 1.65, 19.41, 3.24, -3.22, -22.83, -76.78, 0.51, -0.06, 0.03
83077, 4.56, 6.34, -4.10, -5.19, -25.93, -94.27, 1.31, -0.52, -0.58
83322, -5.15, 8.54, 9.18, 0.41, -27.62, -96.45, 0.92, 0.07, -0.55
83570, 3.39, 9.16, -1.75, 2.28, -26.70, -93.51, -0.87, 0.72, -0.04
83816, 2.68, 9.13, 2.91, 0.95, -25.72, -86.92, -0.38, 0.41, 0.05
84064, 3.04, 9.72, -3.56, -3.22, -25.24, -102.35, 1.59, -0.61, 0.10
84318, 1.11, 10.60, 3.12, -0.94, -24.25, -113.07, 0.44, 0.99, -0.02
84563, 5.87, 10.68, 2.53, -0.37, -25.11, -113.43, 0.32, -0.01, -0.44
84811, 1.23, 9.31, 1.47, 4.74, -25.49, -112.57, -0.36, 0.70, 0.09
85057, 2.51, 10.71, 2.60, 5.48, -26.34, -112.64, 1.28, 0.66, 0.58
85305, 1.06, 6.94, 0.45, 2.97, -21.00, -118.04, 0.29, 0.53, -0.09
85551, 17.99, 19.60, 11.40, 6.26, -20.26, -123.63, 2.92, -2.20, -1.09
85798, 1.73, 8.80, 1.64, 11.05, -19.07, -119.42, -0.72, 0.28, -0.07
86054, 0.84, 11.08, 2.47, 13.97, -20.70, -120.02, 0.84, 0.88, 0.68
86300, 2.17, 7.64, 0.98, 8.10, -17.26, -122.30, 0.05, 0.17, 0.05
86546, 1.85, 10.82, 4.94, 11.25, -16.91, -123.24, 0.64, 0.38, -0.30
86794, 5.66, 8.01, 1.47, 14.60, -17.23, -121.69, -0.30, 1.30, -0.41
87040, 7.64, 14.97, 3.64, 19.26, -18.18, -122.64, 1.58, 1.12, 0.57
87287, 1.65, 8.75, 0.86, 16.47, -11.75, -128.52, 0.81, 0.91, 0.11
87533, 3.95, 7.99, 9.89, 17.00, -11.68, -130.20, 2.00, -3.56, -0.49
87781, 3.94, 9.66, 0.26, 15.17, -18.96, -121.47, -1.32, 0.05, 0.16
88035, 2.76, 9.64, 1.92, 12.69, -22.49, -116.47, 0.07, -0.21, 0.33
88281, 2.65, 10.37, -1.73, 5.28, -20.34, -120.27, 0.14, -1.77, -0.17
88528, 1.50, 7.94, -0.33, -4.33, -19.51, -117.60, -0.14, -1.93, -0.56
88774, 5.81, 7.04, 3.12, -5.36, -23.44, -114.06, -0.03, -1.43, -0.28
89022, 2.25, 8.73, 1.31, -6.58, -27.77, -105.39, -1.50, -0.04, 0.00
89268, 6.52, 12.80, 3.16, -9.19, -28.82, -99.63, 1.33, -0.11, 0.43
89516, 2.94, 7.04, -2.39, -6.61, -27.46, -102.31, 0.31, -0.59, -0.73
89784, 1.78, 11.24, 4.06, 0.18, -29.17, -100.54, 0.33, 0.04, -0.04
90032, 6.73, 9.23, -2.05, 2.22, -30.56, -96.62, -1.05, 0.17, -0.30
90277, 2.79, 8.76, -0.78, 0.15, -27.11, -84.68, -1.15, 0.88, 0.06
90523, 4.95, 18.21, -9.03, -2.98, -28.41, -91.10, 1.25, 0.73, -0.92
90771, 1.81, 3.54, -5.16, -1.37, -28.00, -100.26, -1.25, -1.94, -0.01
91017, 5.89, 16.44, 0.92, 0.22, -28.95, -99.31, -1.84, -0.14, -0.36
91262, 3.05, 8.17, -1.91, -1.97, -26.83, -85.15, -1.69, 1.26, 0.19
91516, 6.82, 9.97, -7.23, -5.74, -25.53, -84.46, 2.03, 3.64, 0.05
91762, 1.53, 3.06, -6.67, -2.34, -28.24, -99.06, -0.14, -2.29, -0.13
92010, 4.25, 11.13, -6.95, 1.86, -29.68, -97.41, -1.40, 0.27, 0.58
92256, 2.10, 9.27, -1.50, 0.76, -27.48, -83.84, -1.18, 1.15, 0.04
92502, 4.23, 18.19, 5.02, -3.93, -21.40, -72.67, 1.24, -0.77, 0.24
92749, 6.64, 6.87, -7.24, -3.11, -27.55, -89.01, 1.19, -2.31, -0.55
92995, -2.09, 7.55, 9.40, 6.08, -30.91, -89.10, 0.98, -0.17, -1.60
93241, 2.24, 9.76, -2.72, 7.88, -27.08, -79.00, -1.18, 0.25, -0.16
93501, 2.82, 10.79, 2.59, 1.94, -18.65, -66.37, -1.33, -0.40, 0.21
93749, 3.07, 7.19, -3.19, -0.38, -26.12, -80.12, 2.45, -0.64, -0.15
93995, -0.09, 15.74, 2.85, 8.61, -28.95, -83.92, 0.51, -0.51, -0.23
94242, 5.23, 8.69, -1.94, 12.96, -28.44, -83.41, -0.90, 0.71, -0.11
94488, 3.61, 9.03, -2.21, 8.33, -21.69, -68.63, -1.68, 0.94, 0.10
94736, 9.73, 11.05, -7.66, 0.61, -22.03, -70.75, 1.27, 2.95, -0.20
94982, 0.52, 4.68, -4.94, 6.52, -28.91, -86.14, 0.28, -1.51, -0.63
95236, 1.16, 8.82, -6.47, 15.80, -29.57, -88.76, -0.68, 1.89, 0.83
95483, 4.02, 7.77, -0.90, 12.57, -24.93, -74.85, -0.84, 1.70, -0.03
95729, 5.49, 18.20, 8.68, 6.77, -18.14, -67.16, 3.09, 0.33, 0.34
95977, 4.62, 6.19, -6.05, -0.38, -28.97, -88.99, 1.44, -0.97, -0.61
96223, -1.38, 6.09, 6.61, 8.43, -32.10, -98.22, 1.57, 0.69, -0.43
96471, 3.29, 9.31, -1.99, 8.46, -30.30, -84.65, -0.51, 0.82, -0.28
96716, 3.76, 9.79, 1.20, 4.25, -27.04, -77.70, -0.77, 0.38, -0.05
96964, -0.17, 13.56, -8.23, -0.60, -30.56, -94.49, 2.23, 0.74, -0.42
97220, -1.10, 10.28, 0.42, 1.26, -28.53, -109.70, 1.08, -0.11, 0.40
97466, 3.74, 6.72, -2.51, 7.78, -28.88, -109.89, -1.32, 1.25, -0.30
97714, 4.80, 8.24, -1.78, 13.10, -31.19, -99.42, -0.81, 1.31, -0.26
97959, -5.24, 8.80, -8.60, 12.15, -30.33, -105.71, 2.83, 3.47, 0.97
98207, 2.11, 2.92, -4.94, 18.06, -20.78, -124.07, 0.52, -1.06, -0.29
98453, 8.78, 17.31, -2.11, 20.33, -16.18, -129.52, -1.01, -1.47, -0.16
98701, 4.37, 8.64, -1.37, 25.20, -23.31, -118.21, -0.52, 1.32, -0.01
98955, 3.39, 12.11, 2.41, 28.21, -26.48, -103.32, 0.39, 1.30, -0.15
99203, 4.15, 7.92, -4.77, 30.87, -21.13, -116.12, 1.91, -0.06, -0.61
99448, -5.88, 12.06, 8.96, 28.95, -14.02, -127.54, 3.45, 1.10, -1.59
99696, 5.33, 7.90, -2.11, 37.07, -14.44, -118.75, -0.61, 0.69, 0.14
99942, 4.11, 8.07, -1.40, 41.23, -18.14, -105.38, -1.26, 0.85, 0.21
100190, 8.72, 15.04, -6.43, 40.41, -20.93, -101.08, 1.19, 2.24, -0.67
100435, 0.32, 4.45, -4.91, 41.99, -13.55, -114.02, -0.84, -1.18, -0.48
100683, 3.64, -0.14, -5.10, 44.46, -9.57, -115.35, -1.58, 0.00, 1.26
100937, 5.27, 8.55, -1.25, 46.90, -12.60, -98.20, -1.30, 1.09, 0.13
101185, -10.38, 11.95, 5.31, 45.05, -13.94, -91.55, 2.07, 0.43, 1.09
101431, 3.74, 4.67, -5.21, 44.04, -15.87, -99.94, 1.05, -1.28, -0.54
101679, 2.65, 2.58, -4.40, 45.31, -9.41, -111.85, -2.85, 1.71, -0.10
101924, 3.97, 8.27, -0.63, 47.40, -13.11, -98.60, -0.42, 1.31, 0.02
102172, 2.73, 13.13, 6.43, 45.18, -12.34, -84.42, 1.26, 0.54, 0.12
102418, 5.13, 7.31, -5.40, 43.28, -15.95, -94.04, 1.30, -1.46, -0.65
102672, -3.85, 7.77, 7.41, 43.67, -11.82, -113.46, 0.83, 1.35, -0.79
102920, 3.15, 9.57, -2.02, 46.68, -12.06, -100.34, -1.15, 0.58, 0.02
103165, 3.25, 10.52, 0.12, 44.62, -11.60, -84.00, -0.90, 0.31, 0.06
103411, 3.56, 10.10, -5.83, 40.88, -16.87, -86.83, 1.52, -0.43, -0.27
103659, -2.20, 10.17, -2.21, 43.86, -15.38, -104.05, -0.92, -1.61, 0.35
103907, 2.80, 14.73, -6.25, 46.42, -12.82, -104.21, -2.11, -0.32, -0.27
104153, 4.83, 8.23, -2.28, 44.34, -13.18, -87.68, -1.76, 0.55, 0.09
104409, 13.54, 7.64, -6.21, 40.84, -16.91, -86.10, 0.89, 2.38, -0.48
104654, 0.86, 3.27, -6.15, 43.69, -14.05, -104.50, -0.60, -1.32, -0.40
104902, 3.23, 2.44, -7.78, 45.59, -9.19, -109.53, -0.67, 2.97, 0.51
105148, 4.03, 7.37, -1.18, 46.67, -12.07, -94.12, -1.31, 1.48, 0.21
105396, -0.25, 19.60, 15.49, 45.69, -11.56, -85.71, 4.16, -0.94, 0.92
105641, 3.44, 5.06, -6.30, 43.95, -14.47, -96.96, 0.99, -1.85, -0.42
105889, 5.95, 5.14, -3.86, 46.73, -7.92, -112.19, -2.70, 2.39, 0.29
106135, 3.62, 8.67, -2.28, 48.92, -10.67, -98.67, -0.73, 1.02, 0.09
106389, 3.51, 13.38, -0.15, 45.94, -9.03, -81.56, -1.10, 0.71, 0.03
106637, 5.61, 7.67, -4.90, 44.64, -15.01, -89.71, 2.12, -0.47, -0.64
106883, -0.01, 18.17, 6.63, 49.06, -11.08, -109.76, 2.55, -1.65, -0.11
107130, 6.85, 7.17, -2.41, 50.82, -8.64, -101.75, -0.74, 0.56, 0.10
107376, 4.54, 9.18, 1.53, 48.14, -10.07, -87.49, -0.96, 0.92, 0.14
107624, 3.93, 10.72, -7.44, 39.51, -14.66, -84.64, 1.89, -0.06, -0.08
107870, 1.94, 10.78, -0.97, 41.06, -11.05, -106.17, 0.00, -2.13, -0.17
108126, 6.33, 10.28, -5.10, 44.97, -7.91, -103.96, -1.07, 0.30, -0.24
108378, 4.84, 8.85, 0.92, 45.15, -9.13, -90.73, -1.24, 0.89, 0.11
108623, 10.11, 14.65, -6.57, 41.49, -13.62, -85.78, 1.05, 1.18, -0.93
108871, 2.71, 3.21, -4.74, 44.29, -11.60, -104.11, -1.10, -1.94, -0.55
109117, 7.37, 2.43, -6.71, 46.23, -7.72, -107.95, -1.96, 0.59, -0.03
109365, 4.89, 7.86, -0.53, 46.26, -9.87, -92.06, -1.07, 1.46, 0.10
109611, -1.04, 9.73, -4.45, 42.87, -12.74, -88.03, 1.74, 2.54, 0.83
109864, 1.14, 4.20, -6.24, 44.12, -11.06, -101.17, -0.10, -1.83, -0.21
110112, 7.56, 7.57, 2.58, 45.37, -6.34, -111.63, -1.92, 0.29, -0.94
110358, 4.03, 8.79, -0.23, 46.89, -9.75, -97.02, -0.85, 0.80, -0.04
110606, 2.86, 12.09, 4.67, 44.04, -8.04, -81.70, -0.20, 0.57, 0.01
110852, 5.86, 8.31, -5.37, 39.18, -15.13, -85.12, 1.75, -0.30, -0.77
111099, -2.16, 11.12, 9.54, 44.94, -13.65, -97.73, 3.33, 0.69, -1.11
111345, 7.41, 6.82, -2.27, 45.45, -9.21, -87.75, -0.76, 0.66, -0.16
111593, 5.75, 8.25, 1.02, 41.42, -7.26, -74.90, -0.67, 1.06, 0.03
111847, 8.81, 14.97, -7.82, 30.85, -13.56, -70.51, 1.31, 2.59, -0.76
112095, 2.18, 4.92, -2.59, 33.79, -19.34, -83.34, -0.12, -0.72, 0.00
112340, 5.30, 4.44, -3.84, 33.79, -19.23, -84.11, -2.16, 0.65, -0.79
112588, 4.90, 7.39, 0.55, 30.39, -16.62, -73.91, -0.73, 1.24, 0.14
112834, -5.85, 12.51, 0.32, 21.05, -18.97, -72.14, 2.53, 2.93, 0.86
113082, 1.10, 4.79, -4.02, 15.90, -26.45, -86.00, 0.12, -1.17, 0.01
113328, 15.07, 7.17, 0.09, 20.61, -26.43, -89.33, -2.08, -0.58, -0.99
113582, 4.09, 8.55, -0.33, 17.90, -25.05, -79.60, -0.43, 1.35, -0.01
113829, 3.92, 12.90, 4.33, 10.55, -20.14, -70.74, 0.51, 1.37, -0.08
114075, 4.09, 8.39, -4.25, 3.29, -28.27, -93.06, 1.54, -0.94, -0.30
114323, -4.56, 9.78, 14.32, 8.14, -30.63, -101.58, 2.15, -1.34, -0.22
114569, 3.84, 9.22, -1.67, 8.23, -29.11, -92.24, -0.65, 0.43, -0.37
114817, 4.76, 8.35, 0.54, 3.80, -25.93, -82.43, -0.97, 0.81, 0.02
115062, 4.97, 13.76, -7.13, 0.85, -27.48, -95.12, 1.86, -0.42, -0.43
115318, 1.17, 10.21, -1.39, 3.60, -27.76, -101.40, -0.14, -1.55, -0.16
115564, 4.01, 11.64, -3.66, 5.92, -27.84, -98.39, -1.59, -0.09, -0.21
115812, 5.10, 8.19, -0.19, 4.15, -26.34, -87.09, -1.10, 0.92, 0.02
116058, 9.59, 8.92, -6.49, 0.12, -26.44, -93.29, 1.37, 3.09, -0.34
116305, 2.14, 4.62, -5.13, 4.24, -26.13, -108.96, 0.25, -1.48, -0.54
116551, 18.28, 14.78, 5.52, 7.48, -26.35, -113.15, -0.40, 0.46, 0.15
116799, 4.64, 8.09, -0.75, 9.46, -28.68, -103.99, -0.20, 1.42, -0.07
117045, 3.87, 9.51, 3.09, 10.11, -29.51, -98.60, 0.49, 1.35, 0.02
117299, 2.60, 8.87, -4.26, 11.12, -25.15, -116.91, 1.81, -0.04, -0.36
117547, 2.75, 8.45, 11.67, 14.64, -16.87, -128.91, 2.83, 0.23, -0.93
117792, 5.66, 8.67, -2.11, 19.61, -21.13, -120.89, -0.13, 0.29, -0.14
118040, 4.81, 9.01, 2.77, 24.63, -23.36, -112.88, -0.21, 0.86, 0.10
118286, 9.63, 11.50, -3.46, 26.97, -19.91, -116.53, 1.08, -0.75, -0.54
118534, 2.04, 9.89, 0.98, 21.31, -13.68, -126.94, 0.97, -2.02, -0.35
118779, -0.59, 6.66, -4.28, 16.71, -14.02, -126.59, -1.24, 1.45, -0.88
119042, 4.15, 8.68, 0.21, 20.13, -20.70, -117.92, -1.10, 0.40, 0.36
119293, -2.06, 11.63, 4.98, 14.40, -23.79, -115.35, 1.37, -0.51, 1.82
119545, 6.13, 5.54, -5.75, 13.67, -18.36, -128.24, -0.33, -2.86, -1.39
119797, -1.98, 5.20, 0.93, -0.35, -23.18, -127.32, -0.45, 2.38, -0.44
120049, 4.24, 9.45, -1.81, -1.39, -31.58, -111.52, -1.23, 0.19, 0.18
120301, 3.67, 9.56, 3.08, -4.78, -32.72, -95.64, -0.79, 0.24, 0.32
120553, 6.74, 7.52, -3.79, -4.52, -28.84, -104.02, 1.51, -1.68, -0.55
120834, 0.08, 11.52, 8.81, 4.79, -30.49, -106.68, 2.00, -2.26, -0.90
121079, 7.50, 9.13, -2.33, 6.20, -31.12, -98.11, -0.57, 0.13, -0.16
121327, 4.77, 8.94, 0.14, 4.14, -29.00, -87.56, -1.15, 1.15, 0.14
121573, 10.42, 8.23, -5.12, -2.24, -28.91, -92.11, 1.15, 2.23, -0.20
121821, 1.51, 4.53, -5.05, 3.17, -28.76, -103.61, -0.09, -1.86, -0.58
122066, 11.78, 16.89, 1.72, 7.57, -30.06, -98.82, -1.23, -0.71, 0.30
122314, 4.12, 8.26, -1.77, 6.68, -28.95, -86.58, -1.23, 1.30, 0.19
122560, 8.09, 13.44, 5.26, 3.48, -26.12, -79.01, 1.06, -0.15, -0.02
122814, 5.44, 7.00, -5.58, 2.34, -29.36, -99.23, 1.49, -1.49, -0.72
123066, 2.07, 4.45, 4.90, 6.80, -30.49, -105.10, 0.30, 1.25, -1.14
123314, 4.03, 9.40, -2.50, 7.79, -30.42, -91.26, -0.70, 0.61, -0.13
123559, 3.19, 9.29, 3.12, 3.14, -25.58, -79.22, -0.87, 0.51, 0.15
123807, 6.52, 11.42, -7.17, -0.69, -28.33, -88.44, 1.03, -2.04, -0.01
124053, 2.18, 9.10, -0.08, 6.62, -30.75, -93.26, 0.42, -1.73, -0.55
124301, 12.21, 2.08, -7.29, 11.46, -30.56, -89.20, -1.34, 1.57, -0.50
124555, 3.96, 8.40, 0.03, 9.21, -26.53, -76.70, -0.85, 0.85, 0.31
124801, 1.11, 16.92, 13.54, 6.11, -24.07, -73.02, 1.92, -0.95, 0.97
125048, 4.00, 6.59, -5.65, 6.74, -29.44, -89.67, 0.97, -2.03, -0.86
125294, 1.39, 8.42, 2.77, 18.42, -30.97, -94.93, -0.13, -0.43, -1.01
125542, 3.80, 9.39, -2.09, 18.20, -27.86, -81.58, -1.39, 0.35, -0.11
125790, 3.40, 10.65, 1.70, 13.64, -20.75, -67.66, -0.96, 0.39, 0.01
126035, 3.90, 13.43, -5.65, 6.08, -26.21, -76.89, 1.26, -0.68, -0.20
126291, 1.34, 10.24, -1.27, 15.90, -29.58, -87.23, -0.25, -1.57, -0.31
126539, 2.29, 10.20, -1.06, 18.90, -27.93, -84.05, -1.09, -0.10, -0.41
126785, 4.90, 7.75, -1.71, 16.08, -23.87, -74.41, -0.81, 0.98, 0.13
127033, -3.63, 10.34, 4.80, 8.73, -23.25, -73.02, 2.27, 1.74, 1.59
127279, 2.09, 5.63, -5.56, 10.64, -29.55, -88.80, 1.03, -0.65, -0.61
127526, -0.70, 2.62, 14.04, 15.02, -31.20, -100.57, -0.89, 0.44, -0.20
127772, 4.43, 8.68, -1.26, 15.05, -29.52, -85.27, -0.68, 0.80, 0.09
128020, 4.41, 9.09, 1.12, 9.06, -26.32, -77.23, -0.24, 1.00, 0.07
128274, 2.51, 7.63, -2.84, 2.86, -31.39, -96.81, 2.38, 0.14, -0.58
128778, 6.71, 5.96, -1.45, 11.08, -30.99, -105.57, -0.33, 0.50, -0.09
129116, 5.22, 10.24, 0.41, 12.32, -31.13, -94.10, -0.09, 1.05, 0.02
129361, 2.96, 10.00, -5.42, 13.65, -27.61, -115.95, 2.74, 0.32, -0.63
129609, 0.73, 9.81, 5.02, 15.43, -19.34, -127.24, 2.40, 0.24, -0.93
129855, 3.74, 8.60, -1.75, 20.36, -21.73, -122.16, -0.91, 0.48, 0.02
130103, 4.80, 7.76, -0.69, 24.19, -25.58, -112.16, -0.91, 1.05, -0.02
130359, 10.62, 9.91, -7.14, 24.45, -25.49, -113.84, 1.75, 3.31, -0.02
130605, 1.92, 4.53, -4.70, 29.23, -14.54, -127.33, 0.25, -0.87, -0.73
130852, 0.93, 9.24, -6.08, 30.24, -8.37, -130.39, -1.58, 1.03, 1.00
131098, 5.12, 8.01, -0.86, 36.83, -16.21, -117.82, -0.41, 1.29, 0.02
131346, 3.59, 11.81, 4.77, 39.84, -18.94, -104.63, 0.56, 1.29, -0.12
131594, 4.95, 7.48, -4.12, 42.65, -13.04, -113.05, 1.71, -0.18, -0.45
131840, 2.32, 8.24, 14.62, 43.70, -4.09, -124.38, 2.02, -0.69, -0.50
132093, 3.67, 8.82, -3.03, 46.19, -9.35, -112.53, -0.66, 0.36, -0.34
132341, 4.62, 8.57, -0.49, 47.60, -12.00, -100.35, -0.93, 0.52, 0.18
132589, 7.98, 14.68, -3.57, 46.48, -14.91, -96.21, 1.61, -0.13, -0.68
132835, 2.58, 7.37, -1.20, 47.75, -8.49, -111.44, 0.51, -1.12, -0.40
133083, 7.74, 5.16, 2.25, 48.99, -7.03, -109.28, -1.34, -0.31, -0.07
133330, 4.20, 7.73, -0.06, 49.28, -9.38, -95.91, -1.42, 1.32, 0.25
133576, -4.19, 10.44, 0.13, 45.81, -12.70, -90.31, 2.38, 2.27, 1.23
133824, 2.87, 4.51, -5.79, 46.99, -10.98, -103.99, 0.53, -1.48, -0.81
134080, 5.86, 13.76, -5.28, 48.28, -4.19, -114.19, -2.15, -0.93, -0.27
134326, 5.16, 7.45, -1.45, 48.60, -9.59, -98.80, -1.21, 0.89, 0.31
134574, 7.83, 15.06, 4.31, 45.79, -10.93, -85.87, 0.76, 0.22, 0.01
134819, 4.37, 7.80, -4.47, 45.21, -12.95, -97.97, 1.31, -0.74, -0.82
135067, 1.02, 4.51, 16.03, 49.04, -4.88, -114.89, 1.10, -0.58, -0.70
135315, 4.88, 8.30, -2.54, 48.16, -8.58, -102.70, -1.21, 0.03, 0.25
135561, 6.04, 10.99, -1.97, 46.76, -8.89, -85.95, -0.70, 0.29, 0.20
135815, 7.68, 16.25, -5.44, 42.14, -16.30, -86.25, 1.05, 0.49, -0.34
136062, 1.66, 4.03, -5.18, 46.01, -11.12, -104.53, -0.97, -1.13, -0.62
136310, 6.03, -3.93, -7.48, 47.68, -8.07, -106.66, -2.49, 1.66, -0.04
136556, 4.40, 7.55, -1.14, 48.00, -10.32, -92.87, -1.42, 1.51, 0.29
136804, 2.58, 19.60, 9.18, 45.32, -9.84, -84.17, 3.02, -0.93, 0.86
137050, 4.36, 6.70, -5.78, 44.45, -12.66, -96.54, 1.30, -1.34, -0.62
137297, -2.19, 0.18, -3.31, 47.59, -5.10, -111.74, -2.43, 2.64, -1.35
137553, 4.44, 8.05, 0.04, 48.86, -9.03, -97.78, -0.65, 1.09, 0.01
137799, 4.60, 12.85, 1.51, 46.67, -6.12, -82.64, 0.07, 0.69, -0.01
138047, 4.10, 8.17, -4.80, 45.16, -12.74, -92.68, 1.50, -0.69, -0.34
138299, 0.06, 4.84, 16.46, 48.74, -7.37, -113.45, 1.38, -0.85, -2.03
138545, 1.78, 8.65, -1.38, 49.62, -8.40, -100.67, -0.38, 0.30, -0.41
138792, 4.49, 8.43, 1.65, 47.46, -8.32, -86.99, -0.98, 0.39, 0.09
139040, 3.47, 11.40, -4.74, 46.21, -12.35, -88.16, 2.07, -1.53, -0.12
139286, 1.12, 11.26, -0.40, 49.97, -9.21, -104.53, 0.47, -1.56, -0.42
139542, 3.91, 15.29, -5.48, 49.18, -7.19, -100.57, -1.42, 1.33, -0.05
139788, 6.20, 10.08, -2.23, 46.36, -6.99, -85.63, -1.50, 0.47, -0.13
140036, 12.57, 7.28, -4.23, 39.94, -12.61, -84.41, 0.71, 1.30, -0.65
140283, 1.16, 4.04, -6.66, 43.06, -10.64, -103.96, -0.81, -1.41, -0.65
140529, -3.64, -1.07, -8.29, 45.09, -6.64, -109.68, -0.34, 3.37, 2.07
140777, 4.14, 7.12, -0.22, 45.92, -9.84, -96.35, -1.24, 1.26, 0.25
141025, 6.39, 18.68, 8.42, 43.93, -9.69, -86.74, 1.85, 0.06, -0.02
141281, 4.75, 6.77, -5.29, 44.17, -12.03, -99.75, 0.60, -1.90, -0.79
141527, 1.85, 7.22, 3.84, 46.36, -3.89, -114.37, 0.11, 0.99, -1.07
141774, 3.89, 8.88, -2.14, 48.10, -6.26, -103.67, -1.09, 0.66, -0.08
142020, 4.41, 9.09, 0.79, 47.40, -6.59, -88.92, -0.97, 0.77, 0.04
142268, 2.94, 9.28, -5.00, 43.25, -11.98, -88.83, 2.83, -0.30, -0.03
142514, 1.81, 12.22, 2.99, 45.76, -11.47, -102.03, 1.54, -1.82, 0.02
142761, 5.06, 5.23, -1.88, 45.34, -10.04, -95.10, -0.65, 0.25, -0.07
143015, 4.27, 7.35, -2.15, 43.39, -8.26, -82.84, -0.96, 0.45, 0.35
143263, 11.24, 9.28, -5.91, 35.65, -13.96, -75.90, 0.95, 2.33, -0.70
143511, 3.23, 5.02, -2.43, 40.41, -15.55, -87.96, 0.09, -1.05, -0.40
143757, 0.57, 0.14, -5.16, 43.36, -13.49, -89.99, -1.47, 2.21, 0.39
144005, 4.62, 7.55, -1.40, 40.69, -10.82, -77.26, -0.71, 1.47, 0.08
144250, 5.88, 9.80, 4.20, 32.58, -5.54, -66.43, 0.59, 0.84, -0.05
144498, 2.25, 9.10, -3.22, 23.81, -20.96, -76.81, 2.33, 0.25, -0.25
144746, 4.98, 4.93, 10.50, 31.88, -23.72, -89.24, 2.28, 2.41, -2.35
145000, 4.96, 8.92, -2.92, 29.26, -16.95, -73.38, 0.07, 0.45, -0.19
145248, 4.14, 8.80, 1.25, 21.35, -11.22, -64.13, -0.63, 0.72, 0.25
145494, 6.02, 14.49, -6.80, 9.08, -23.21, -73.68, 1.38, 1.28, -0.71
145741, 3.05, 7.93, -0.31, 13.72, -27.73, -85.53, 0.06, -0.60, -0.31
145989, 1.78, 5.92, -2.44, 17.17, -28.28, -87.45, -1.72, 1.05, -0.25
146235, 4.18, 7.98, -1.13, 13.53, -23.90, -75.68, -1.35, 1.34, -0.05
146483, -3.42, 19.60, 7.27, 8.11, -22.01, -72.57, 5.00, -0.64, 1.29
146737, 4.24, 4.66, -5.25, 4.14, -28.21, -96.36, 1.00, -0.69, -0.63
146984, 7.59, 9.12, 12.63, 9.19, -29.09, -100.47, -0.80, 2.66, 0.26
147230, 4.63, 7.71, -1.29, 9.28, -28.34, -88.54, -0.96, 1.26, -0.01
147478, 4.29, 12.54, 0.12, 4.91, -23.14, -77.81, -0.32, 0.97, -0.08
147726, 3.32, 8.01, -3.92, 0.86, -27.13, -101.67, 2.04, -0.66, -0.42
147972, 2.39, 13.36, 10.20, 3.58, -27.27, -106.23, 2.55, -1.40, -0.90
148219, 6.46, 6.54, -2.85, 5.55, -27.19, -98.77, -0.79, -0.07, -0.14
148467, 5.57, 10.70, -1.28, 6.56, -26.37, -88.45, -0.48, 0.32, 0.00
148744, 2.82, 12.38, -6.23, 4.46, -27.04, -105.61, 2.34, -0.05, -0.78
148992, 1.26, 9.94, -1.22, 5.63, -24.26, -116.09, 0.42, -1.38, 0.06
149237, 9.66, 12.80, -6.19, 9.18, -26.21, -115.11, -2.22, 0.75, -0.01
149485, 5.89, 9.71, -3.35, 12.92, -29.26, -103.73, -1.52, 0.65, -0.28
149731, -6.56, 6.31, 0.97, 10.51, -27.77, -110.22, 3.09, 2.92, 1.37
149979, 1.51, 3.67, -4.75, 14.53, -19.07, -124.51, 0.58, -1.13, -0.25
150224, 19.60, 15.10, 0.11, 18.28, -13.74, -129.20, -1.16, 0.08, -1.32
150478, 4.72, 8.38, -1.21, 22.87, -21.27, -115.92, -0.81, 1.99, 0.11
150726, 5.57, 12.64, 4.06, 24.48, -24.89, -104.94, 0.86, 0.53, 0.20
150972, 5.31, 8.28, -5.55, 21.82, -16.03, -124.19, 1.35, -1.15, -0.21
151220, -1.74, 6.99, 13.75, 13.37, -11.06, -131.70, 0.75, -0.15, -1.03
151465, 3.09, 9.83, -0.86, 16.50, -22.32, -116.08, -1.23, 0.48, 0.19
151713, 2.32, 10.28, 1.82, 14.31, -27.52, -106.26, -0.39, 0.20, 0.39
151959, 1.55, 8.04, -4.08, 11.85, -24.39, -121.15, 1.09, -2.43, -0.36
152215, 4.88, 13.21, 4.16, -5.09, -28.46, -122.90, 2.22, -3.11, -0.21
152463, 4.52, 12.06, -5.76, -3.73, -33.66, -106.71, -1.31, 1.06, -0.13
152709, 4.08, 9.27, 0.63, -5.10, -32.81, -93.39, -1.72, 0.15, 0.08
152956, 10.58, 11.36, -3.01, -4.62, -29.95, -99.66, 0.26, -1.54, -0.67
153208, 0.77, 4.11, -5.12, 1.14, -29.36, -103.76, -1.26, -1.59, -0.59
153456, 9.53, -0.59, -8.46, 6.91, -30.49, -103.27, -2.07, 0.41, -0.52
153702, 3.80, 7.15, 0.76, 3.24, -29.82, -89.07, -1.26, 1.48, 0.50
153950, -3.92, 9.01, -0.28, -2.79, -27.58, -88.35, 1.86, 2.48, 1.64
154193, 2.33, 4.98, -7.37, 3.41, -29.38, -101.56, 0.54, -1.98, -0.98
154439, 15.36, 11.81, -1.53, 10.36, -30.12, -104.36, 0.03, -0.32, -0.61
154687, 3.89, 8.29, -0.63, 8.86, -29.09, -87.69, -1.15, 1.24, 0.18
154935, 5.32, 13.84, 4.30, 3.11, -24.73, -76.40, 0.78, 0.23, 0.20
155181, 4.96, 8.08, -4.97, 2.78, -29.71, -95.67, 1.10, -1.37, -0.46
155428, 1.61, 4.55, 12.54, 11.59, -31.50, -102.95, 0.75, -0.05, -1.09
155676, 2.10, 9.78, -2.31, 10.73, -29.20, -87.31, -1.67, 0.37, 0.06
155930, 4.12, 8.98, 1.26, 4.47, -23.05, -73.08, -0.94, 0.46, 0.46
156176, 3.37, 11.10, -4.16, 2.40, -28.87, -86.77, 1.45, -2.08, -0.40
156424, 1.60, 11.96, 2.14, 12.99, -31.37, -93.72, 0.98, -2.26, -0.10
156672, 4.97, 10.94, -3.27, 16.92, -29.44, -86.71, -1.59, 0.86, -0.28
156917, 6.00, 9.28, -2.08, 10.98, -24.64, -73.75, -1.16, 0.29, 0.05
157165, 13.00, 8.41, -7.08, 2.18, -25.91, -78.08, 1.20, 2.43, -0.21
157411, 1.37, 4.52, -5.97, 11.96, -30.47, -89.07, -0.23, -1.91, -0.85
157667, -5.39, -0.16, -6.15, 19.61, -29.93, -92.91, -0.95, 2.00, 1.80
157915, 4.31, 7.30, -0.85, 15.20, -26.10, -76.73, -1.06, 1.00, 0.17
158162, 6.39, 11.36, 4.21, 8.48, -18.02, -65.48, 1.01, 0.71, 0.01
158408, 2.88, 8.43, -4.91, 7.98, -29.14, -86.54, 1.24, -1.40, -0.65
158656, 0.12, 4.04, 14.95, 17.82, -31.85, -98.52, 2.33, 0.61, -0.51
158902, 6.29, 8.88, -2.56, 15.78, -29.73, -85.90, -0.66, 1.09, -0.01
159150, 4.10, 7.92, 0.61, 9.37, -24.39, -72.71, -0.63, 0.86, 0.22
159395, 8.58, 11.80, -3.24, 1.14, -30.02, -92.01, 1.92, 0.18, -0.91
159649, 1.32, 9.72, 1.74, 7.75, -31.92, -98.83, 0.78, -2.32, -0.15
159897, 8.38, 11.86, -5.19, 11.87, -32.04, -98.19, -1.87, 0.50, 0.03
160143, 4.94, 7.85, -0.55, 9.43, -31.58, -88.53, -1.43, 0.95, -0.04
160391, -7.60, 9.77, 3.00, 5.67, -31.41, -93.20, 3.38, 2.72, 1.68
160636, 1.95, 4.85, -4.24, 10.06, -27.00, -116.54, 0.74, -1.18, -0.61
160884, 19.60, 4.22, -9.69, 14.03, -22.05, -124.12, -2.07, 1.39, -1.17
161132, 4.18, 7.46, 1.36, 16.30, -28.60, -111.31, 0.28, 1.28, -0.36
161386, 4.13, 9.02, 1.84, 19.20, -29.92, -103.54, 0.34, 1.36, -0.08
161634, 3.61, 8.56, -4.19, 25.97, -22.35, -119.48, 2.22, 0.24, -0.99
161882, 3.74, 12.91, 8.48, 25.83, -14.10, -130.28, 2.83, 0.19, -0.44
162127, 9.55, 6.34, -3.85, 31.58, -16.65, -123.17, -0.43, 0.83, -0.00
162375, 7.06, 11.36, -1.85, 36.12, -21.81, -107.38, -1.09, 0.46, -0.10
162623, 4.94, 10.13, -7.91, 35.88, -22.26, -109.65, 1.63, 2.78, -0.22
162869, 1.11, 4.96, -5.04, 38.45, -11.93, -122.26, 0.10, -1.55, -0.47
163123, 7.88, 4.71, -6.50, 39.61, -5.09, -126.54, -0.98, 1.03, 0.68
163371, 4.80, 7.49, -0.99, 43.19, -13.88, -112.55, -0.50, 1.70, 0.03
163618, 7.91, 10.85, 2.43, 45.03, -15.68, -97.08, 0.62, 1.03, -0.07
163864, 4.38, 7.96, -5.10, 45.53, -14.02, -105.09, 1.71, 0.10, -0.48
164112, -2.39, 5.23, 11.29, 45.59, -5.38, -120.62, 1.37, 0.03, -0.51
164358, 3.04, 9.07, -3.18, 48.11, -9.76, -107.18, -0.96, 0.43, -0.00
164605, 4.15, 8.28, 0.64, 47.65, -11.12, -90.84, -0.54, 0.31, 0.20
164853, 8.02, 16.56, -4.36, 43.80, -15.93, -90.05, 1.32, 0.06, -0.53
165107, -0.22, 3.84, -5.12, 46.71, -9.46, -111.24, -1.02, -0.93, -0.25
165355, 13.70, 4.24, -7.75, 48.17, -8.39, -108.46, -2.42, -0.23, 0.45
165603, 3.74, 7.28, 0.13, 48.96, -10.29, -93.93, -1.19, 1.36, 0.01
165849, 5.96, 11.29, -9.72, 43.89, -14.13, -89.43, 1.76, 3.86, 0.66
166096, 0.50, 4.72, -5.35, 46.81, -12.28, -102.05, 0.21, -1.29, -0.45
166344, 12.09, 11.56, -3.21, 47.27, -8.78, -107.57, -1.41, 0.72, -0.05
166590, 4.25, 7.83, -0.01, 47.15, -11.62, -92.69, -1.01, 1.86, 0.15
166844, 4.78, 17.85, 11.80, 44.49, -12.32, -84.20, 2.52, -0.59, 0.15
167092, 4.77, 6.74, -5.90, 45.26, -13.78, -94.46, 0.69, -1.68, -0.94
167340, 0.15, 7.34, 0.12, 47.03, -3.92, -113.52, -0.65, 1.68, -0.53
167585, 3.18, 7.66, -0.48, 47.97, -11.22, -97.91, -0.52, 0.66, 0.01
167833, 3.56, 10.44, 3.75, 44.58, -10.26, -83.79, -0.48, 0.45, 0.11
168081, 3.61, 8.15, -3.93, 44.26, -14.12, -91.93, 1.77, -0.60, -0.46
168331, 0.46, 8.93, 13.17, 47.44, -9.49, -111.08, 1.82, -1.74, -1.33
168587, 5.09, 7.54, -1.24, 48.16, -10.11, -101.10, -0.19, 0.04, -0.17
168835, 4.71, 8.31, -0.56, 46.04, -10.19, -85.41, -1.09, 0.54, 0.18
169080, 9.22, 12.95, -4.68, 41.67, -14.78, -83.02, 0.84, 0.81, -0.43
169328, -0.82, 4.43, -5.36, 46.80, -11.20, -104.12, -0.19, -1.03, 0.09
169576, -0.15, 4.67, -5.34, 48.33, -7.86, -104.65, -1.68, 0.31, 1.04
169824, 3.94, 8.45, -0.69, 48.41, -9.28, -90.63, -1.32, 1.22, 0.36
170070, -7.43, 8.77, 4.09, 45.37, -11.52, -87.87, 2.44, 1.75, 1.94
170317, 2.26, 4.59, -6.20, 48.87, -10.13, -98.60, 0.20, -2.20, -0.52
170571, 14.36, 12.25, -3.12, 48.60, -5.99, -108.02, -1.87, -0.19, -0.17
170819, 3.71, 8.44, -1.21, 47.82, -8.43, -96.30, -1.15, 1.35, 0.11
171065, 6.24, 11.86, 3.54, 44.11, -9.84, -83.53, 0.67, 0.42, 0.10
171313, 3.48, 7.65, -4.21, 41.71, -12.83, -95.48, 1.27, -1.08, -0.62
171560, -0.87, 8.38, 15.36, 44.58, -7.64, -112.69, 1.45, -1.78, -1.21
171806, 4.03, 9.78, -2.27, 46.13, -8.89, -102.78, -0.67, 0.33, -0.24
172054, 4.89, 8.64, 1.27, 44.33, -9.06, -87.96, -0.79, 0.43, 0.19
172310, 7.33, 13.16, -6.85, 41.58, -14.15, -87.78, 1.79, -0.92, -0.46
172556, 0.88, 10.60, -0.57, 45.40, -7.83, -106.34, -0.00, -2.13, -0.13
172804, 0.34, 17.05, -7.78, 46.36, -9.03, -105.88, -2.24, 0.26, -0.38
173051, 4.70, 7.27, -0.06, 45.85, -10.52, -90.46, -1.65, 0.95, 0.01
173297, 10.67, 8.83, -6.43, 42.52, -14.41, -87.45, 0.70, 2.19, -0.44
173545, 1.91, 4.23, -4.94, 45.72, -11.49, -99.36, -0.07, -1.25, -0.63
173793, 2.55, 0.40, -8.32, 47.59, -6.94, -103.17, -2.00, 1.65, 1.77
174047, 4.61, 7.58, -0.87, 46.65, -8.13, -90.66, -0.76, 0.76, 0.05
174292, 7.15, 15.40, 9.01, 44.14, -7.61, -82.45, 2.17, 0.93, -0.22
174540, 2.76, 6.69, -5.72, 40.78, -14.28, -86.92, 1.10, -0.79, -0.39
174788, 7.05, 8.57, 5.67, 44.88, -13.26, -94.21, -0.60, 2.19, 0.86
175034, 6.25, 8.48, -2.63, 43.60, -9.59, -81.72, -0.96, 1.00, 0.07
175280, 4.80, 9.51, 1.53, 37.53, -4.81, -68.97, -0.79, 0.80, 0.03
175527, 3.85, 10.46, -5.37, 28.57, -16.66, -73.49, 2.62, -0.46, -0.68
175773, 3.56, 9.97, 4.69, 36.28, -18.88, -83.21, 1.47, -1.19, -0.28
176029, 5.78, 7.69, -3.03, 34.51, -14.89, -77.39, -0.36, 0.35, 0.02
176277, 5.67, 8.53, 0.06, 27.36, -11.55, -67.57, -0.96, 0.70, -0.05
176523, 7.54, 12.46, -8.87, 15.43, -18.77, -68.96, 1.25, 2.88, 0.03
176771, 0.62, 3.90, -4.66, 16.79, -25.84, -82.94, -0.06, -0.79, -0.42
177016, -3.41, 3.27, -5.53, 20.78, -26.60, -86.61, -1.88, 2.22, 2.07
177264, 4.66, 6.74, 0.79, 15.35, -23.56, -75.72, -0.93, 1.62, 0.14
177510, 7.91, 18.99, 8.79, 9.09, -20.34, -70.49, 2.64, 0.65, -0.32
177770, 2.27, 6.25, -5.76, 6.21, -28.50, -93.83, 0.79, -0.53, -0.30
178022, 6.45, 9.81, -0.44, 10.58, -28.82, -104.11, -1.45, 1.67, 0.82
178274, 3.98, 8.18, -1.67, 9.91, -28.35, -88.54, -0.98, 1.37, -0.01
178526, 2.82, 11.77, 1.99, 6.12, -24.67, -79.19, -0.24, 1.08, -0.01
178778, 5.59, 7.53, -4.77, 4.19, -28.50, -105.35, 1.88, -0.08, -0.56
179030, -5.10, 4.62, 11.37, 7.99, -27.30, -113.50, 1.23, -0.09, -1.08
179281, 2.85, 9.03, -2.09, 9.11, -28.62, -98.44, -0.72, 0.71, 0.08
179533, 2.68, 10.78, 3.25, 7.26, -27.90, -91.45, 0.56, 0.84, 0.12
179793, 3.94, 8.21, -4.18, 6.72, -25.36, -112.91, 1.63, -0.48, -0.93
180039, 2.70, 7.83, 9.71, 9.63, -21.02, -125.67, 0.54, -0.14, -0.06
180285, 5.52, 9.35, -1.84, 11.02, -27.92, -114.32, -0.35, 0.90, -0.01
180533, 5.36, 8.08, 3.00, 12.66, -30.88, -105.89, -0.39, 1.20, -0.01
180779, 5.24, 13.68, -5.23, 13.59, -27.61, -115.59, 2.07, 0.80, -0.55
181026, 0.87, 8.68, -0.66, 17.87, -17.58, -125.61, 0.15, -0.99, -0.32
181272, 6.01, 12.28, -4.74, 20.56, -18.20, -121.62, -1.39, 1.06, 0.04
181526, 4.44, 8.41, 0.01, 23.69, -23.19, -112.03, -1.12, 0.96, 0.27
181772, 1.47, 8.89, -4.15, 20.74, -22.54, -113.88, 1.85, 2.93, 1.14
182020, 0.89, 5.62, -6.62, 19.42, -14.54, -126.56, 0.12, -2.41, -0.79
182265, 9.45, 16.95, -5.92, 16.28, -14.15, -127.99, -1.79, -0.13, 0.61
182513, 3.32, 8.57, -0.41, 16.06, -23.56, -118.25, -0.78, 0.97, 0.33
182759, 5.38, 12.64, 8.21, 12.13, -28.38, -110.55, 1.02, -0.68, 0.25
183009, 5.76, 7.46, -5.67, -0.25, -26.53, -124.54, 0.44, -2.14, -0.65
183267, 3.33, 8.54, 8.64, -2.06, -28.46, -117.47, -0.20, -1.55, -1.47
183515, 5.31, 8.70, -1.73, 2.73, -32.01, -102.00, -0.69, -0.02, 0.14
183760, 4.61, 9.42, 0.94, -1.14, -30.77, -88.44, -1.14, 0.25, 0.17
184008, 7.57, 16.48, -5.00, -1.77, -29.64, -96.76, 0.34, -0.73, -0.46
184254, 0.59, 7.07, -2.97, 3.35, -30.12, -101.86, -0.49, -1.50, -0.27
184502, 0.95, 7.39, -3.10, 7.53, -30.72, -99.90, -1.41, 0.56, 0.20
184748, 5.04, 7.76, -0.92, 5.73, -29.51, -90.40, -1.01, 1.47, 0.37
184995, -4.15, 12.90, 17.48, 2.56, -28.59, -87.07, 3.69, -0.39, 1.63
185239, 4.64, 5.32, -6.15, 3.90, -29.64, -102.82, 0.63, -1.72, -0.81
185485, 6.39, 4.80, 8.33, 8.48, -29.86, -106.49, -1.34, 1.64, -0.24
185733, 3.58, 9.01, -1.36, 7.03, -30.68, -92.09, -1.10, 0.76, 0.17
185978, 3.93, 11.60, 2.23, 2.15, -26.62, -80.44, -0.71, 0.69, 0.15
186226, 5.21, 6.90, -4.73, 1.97, -30.02, -96.58, 1.15, -1.77, -0.87
186472, 2.89, 9.32, 9.10, 7.76, -31.26, -100.92, 1.66, -1.84, -1.61
186720, 8.82, 8.40, -4.43, 9.27, -29.32, -84.70, -0.77, 0.48, -0.12
186974, 4.47, 8.77, -1.31, 5.09, -23.76, -75.36, -1.10, 0.32, 0.17
187219, 9.82, 13.05, -4.67, 0.45, -27.38, -82.37, 0.46, 0.14, -0.62
187467, 0.36, 5.57, -4.41, 8.67, -30.74, -90.60, -0.72, -1.60, -0.21
187713, 1.05, 6.27, -5.03, 13.05, -29.66, -86.26, -1.43, 0.62, 0.54
188147, 5.03, 11.49, 1.65, 5.33, -19.04, -66.94, -0.25, 0.27, 0.03
188524, 0.61, 3.43, -6.53, 11.90, -30.46, -87.75, -0.37, -1.25, -0.50
188932, 5.36, 8.15, -1.17, 17.49, -27.93, -79.19, -1.16, 0.78, -0.05
189188, 3.14, 9.97, 0.77, 10.54, -20.14, -67.03, -0.68, 0.76, 0.16
189433, 3.77, 9.02, -5.97, 6.15, -28.08, -81.16, 2.52, -1.27, -0.13
189681, 3.40, 12.06, 6.55, 13.87, -31.64, -90.95, 1.07, -1.29, -0.85
189927, 4.91, 9.71, -2.11, 15.99, -29.41, -85.21, -0.49, 0.67, -0.33
190173, 4.71, 8.17, -1.09, 10.32, -25.14, -74.41, -1.12, 0.88, 0.01
190420, -0.69, 8.09, 2.94, 4.63, -26.25, -79.61, 2.58, 2.61, 1.26
190666, 1.94, 4.17, -5.88, 5.48, -30.94, -97.33, 0.14, -0.80, -0.48
190914, 3.21, 14.10, -8.77, 11.12, -31.29, -97.09, -1.32, -0.35, 0.13
191168, 5.63, 7.65, 0.10, 9.19, -30.97, -89.18, -0.69, 1.01, 0.11
191414, 8.15, 12.87, 4.73, 6.01, -30.09, -84.96, 0.87, 0.96, -0.31
191660, 2.19, 8.51, -4.38, 4.57, -29.76, -107.06, 1.39, 0.19, -0.23
191907, 0.75, 3.89, 7.82, 11.77, -26.79, -119.64, 0.49, 0.73, 0.40
192153, 4.83, 7.74, -0.82, 12.86, -30.21, -110.13, -0.68, 0.83, 0.12
192401, 3.94, 8.93, -0.14, 12.54, -30.08, -102.02, -0.40, 0.60, 0.15
192647, 4.66, 14.02, -5.06, 13.90, -27.76, -114.67, 1.93, 1.12, -0.52
192903, 4.39, 9.33, 4.22, 15.38, -19.44, -128.34, 1.44, -1.15, -0.49
193148, -3.44, 6.09, -3.16, 18.80, -19.28, -124.76, -1.41, 1.62, 0.26
193396, 5.53, 7.68, -0.95, 23.40, -24.33, -116.69, -0.60, 1.08, 0.24
193642, -6.67, 14.17, 10.79, 24.35, -25.56, -113.07, 2.15, 0.27, 0.77
193890, 1.90, 6.20, -4.62, 31.23, -13.69, -125.87, 0.89, -1.14, -0.61
194136, 4.91, 8.15, -3.31, 33.72, -4.87, -131.10, -1.45, 1.51, 0.52
194383, 4.79, 7.57, -1.81, 39.04, -13.59, -119.10, -0.76, 0.95, 0.05
194635, 4.36, 10.14, 0.93, 42.56, -16.95, -103.36, -0.51, 1.05, -0.06
194883, 3.70, 7.18, -4.68, 44.62, -14.95, -107.94, 2.85, 0.38, -0.64
195129, 3.50, 10.12, 10.38, 45.25, -5.20, -121.69, 1.96, -0.91, -0.96
195377, 5.82, 7.66, -2.75, 46.76, -7.40, -113.31, -0.48, 0.44, 0.06
195622, 6.46, 6.96, -0.18, 47.97, -10.11, -97.43, -1.38, 1.05, -0.06
195870, 13.78, 8.72, -7.62, 45.32, -13.71, -93.04, 1.04, 2.20, -0.53
196116, 2.90, 4.63, -4.55, 48.36, -8.94, -105.83, -0.50, -0.95, -0.67
196364, -3.11, 3.04, -5.62, 48.00, -7.56, -109.03, -1.83, 1.55, 0.26
196618, 4.76, 7.76, -0.88, 47.81, -9.68, -95.41, -0.91, 1.44, 0.32
196866, -8.18, 13.37, 7.64, 45.22, -13.10, -90.12, 1.90, 0.72, 1.81
197111, 1.37, 4.57, -6.50, 46.71, -11.78, -100.15, 0.23, -1.51, -0.64
197359, 12.09, 7.05, 2.64, 48.23, -4.78, -112.29, -1.11, -0.15, -0.85
197605, 4.82, 8.81, -1.43, 49.34, -8.02, -100.25, -1.19, 0.89, 0.14
197853, 4.31, 11.38, 4.21, 46.42, -9.19, -84.99, -0.19, 0.60, 0.05
198098, 6.14, 7.62, -5.39, 44.96, -13.88, -93.72, 1.33, -0.84, -0.67
198354, -0.91, 6.08, 3.22, 48.93, -5.54, -112.93, -0.51, 0.39, -0.84
198604, 4.18, 8.93, -2.19, 49.06, -8.74, -100.92, -0.80, 0.29, 0.18
198850, 4.20, 8.28, 2.67, 46.11, -9.84, -85.65, -0.90, 0.08, 0.22
199098, 3.30, 9.14, -5.21, 44.23, -13.78, -91.82, 1.90, -1.02, -0.67
199344, 3.04, 13.01, 9.17, 46.97, -10.35, -109.31, 2.12, -1.71, -1.13
199591, 6.24, 8.27, -2.66, 47.19, -8.59, -102.78, -0.78, 0.46, 0.28
199837, 5.18, 9.97, 0.17, 46.30, -10.76, -87.93, -1.41, 0.61, 0.02
200093, 5.53, 14.02, -7.29, 43.45, -14.03, -88.19, 1.64, -1.19, -0.30
200339, 2.30, 10.79, 0.49, 47.65, -11.18, -107.06, 0.68, -2.35, 0.09
200587, 6.68, 9.76, -2.14, 47.69, -8.27, -102.18, -1.05, 0.85, -0.17
200833, 4.51, 8.08, -0.48, 46.76, -10.04, -88.59, -1.40, 0.69, -0.01
201080, 13.10, 10.86, -10.39, 43.25, -14.26, -87.04, 0.89, 2.85, -0.51
201328, 1.89, 2.59, -5.26, 48.41, -10.04, -100.86, -0.52, -1.11, -0.64
201574, -3.00, -2.21, -8.08, 48.93, -7.72, -107.59, -2.32, 0.60, -0.10
201822, 4.62, 6.90, -0.37, 49.18, -9.57, -93.91, -1.24, 1.68, 0.27
202076, 5.85, 19.60, 8.42, 46.83, -9.34, -83.84, 2.79, -0.15, 0.21
202321, 4.31, 6.81, -5.63, 47.97, -10.86, -95.82, 0.93, -1.04, -0.92
202569, 1.52, 7.74, -2.17, 50.22, -3.36, -110.55, -1.75, 0.75, -0.11
202815, 4.52, 8.18, -0.65, 49.24, -6.99, -98.19, -0.94, 0.38, 0.22
203061, 3.53, 10.73, 2.05, 45.62, -7.22, -83.69, -0.87, 0.52, 0.15
203309, 2.56, 7.86, -4.25, 42.05, -12.20, -91.63, 1.58, -1.31, -0.88
203554, 3.96, 13.49, 10.40, 45.92, -8.13, -108.93, 1.97, -1.20, -1.02
203810, 7.15, 6.94, -1.50, 46.81, -7.79, -103.01, -0.67, -0.11, 0.26
204058, 6.15, 9.52, -2.20, 46.21, -8.30, -88.15, -1.21, 0.52, 0.07
204304, 12.72, 8.88, -4.66, 42.66, -13.52, -88.16, 1.28, 1.14, -0.65
204552, 2.07, 6.18, -3.85, 47.63, -8.97, -103.38, -0.44, -0.91, -0.40
204797, -0.35, 7.47, -5.30, 48.07, -6.11, -105.90, -1.85, 0.96, 0.63
205045, 4.11, 7.92, -0.36, 47.41, -9.47, -93.92, -1.07, 1.39, 0.34
205291, -2.86, 6.80, 8.69, 44.68, -12.09, -90.84, 2.78, 0.93, 1.23
205537, 3.20, 5.90, -5.68, 46.16, -10.70, -99.44, 0.85, -1.36, -0.86
205780, 1.40, 6.87, 2.45, 47.66, -3.65, -107.91, -1.42, 1.18, 0.06
206028, 4.83, 8.43, -0.02, 49.08, -6.28, -97.19, -0.63, 0.85, -0.03
206274, 4.82, 9.64, 2.14, 47.00, -5.60, -82.81, -0.66, 0.86, -0.20
206520, 3.66, 10.93, -6.00, 39.46, -14.50, -81.57, 2.32, -0.31, -0.59
206768, 2.34, 11.57, 7.51, 43.23, -15.93, -93.23, 1.87, -1.36, 0.33
207015, 6.99, 7.76, -1.72, 41.76, -13.10, -83.57, -0.37, 0.42, -0.12
207261, 4.91, 8.36, -1.06, 37.08, -9.72, -72.26, -0.95, 1.19, 0.18
207515, -4.92, 10.58, 6.42, 29.86, -12.54, -69.50, 3.00, 2.13, 1.41
207777, 2.19, 3.63, -5.80, 30.75, -20.14, -79.16, -0.07, -0.68, -0.74
208023, 0.53, 7.41, -7.34, 35.74, -18.21, -82.89, -0.95, 0.51, 0.69
208271, 4.97, 7.75, -0.06, 30.15, -15.48, -70.93, -0.43, 1.38, 0.13
208517, 8.67, 13.18, 4.57, 21.02, -11.50, -62.48, 0.39, 1.22, -0.57
208764, 4.51, 7.80, -4.53, 11.59, -26.48, -80.59, 1.70, 0.51, -0.44
209010, -3.29, 4.42, 8.66, 20.89, -29.38, -93.31, 0.51, 1.18, -0.28
209266, 4.21, 8.62, -2.94, 16.73, -26.53, -80.81, -0.44, 0.93, 0.01
209512, 4.59, 9.49, 0.69, 9.59, -21.62, -71.34, -0.77, 0.61, 0.17
209758, 5.57, 13.60, -5.30, 2.69, -28.06, -87.62, 1.99, 0.52, -0.23
210006, 1.45, 8.86, -0.74, 7.54, -30.27, -99.14, 0.54, -1.37, -0.51
210251, 5.58, 13.78, -4.66, 9.54, -28.62, -93.53, -1.32, 0.59, -0.39
210497, 3.97, 7.31, 0.96, 7.38, -28.12, -86.89, -0.95, 0.91, 0.06
210745, 5.26, 10.09, -7.11, 2.31, -28.43, -93.54, 2.04, 3.41, 0.11
210991, 1.95, 3.75, -5.97, 6.65, -27.30, -108.68, -0.15, -1.58, -0.78
211245, -6.32, 1.46, -4.76, 10.87, -25.83, -110.33, -0.55, 1.44, 1.69
211490, 4.94, 7.24, -0.64, 9.31, -28.46, -98.22, -0.89, 1.34, 0.29
211738, -3.75, 18.06, 14.91, 7.34, -28.53, -97.08, 4.65, -1.10, 1.16
211984, 3.13, 5.48, -5.72, 7.72, -23.81, -118.91, 0.39, -1.23, -0.84
212232, 17.04, 9.11, 14.19, 11.22, -22.62, -122.68, -0.53, 1.62, -0.22
212477, 5.10, 8.57, -0.99, 11.36, -29.23, -111.20, -0.67, 1.12, 0.08
212725, 3.47, 10.91, 2.02, 11.87, -30.49, -102.02, 0.17, 1.15, 0.16
212979, 3.43, 6.81, -4.51, 15.84, -22.07, -121.05, 2.20, 0.94, -0.46
213227, 1.21, 5.41, 17.87, 16.41, -13.40, -130.44, 2.11, -0.22, -0.80
213479, 3.73, 8.19, -1.21, 21.28, -19.00, -121.38, 0.01, 0.43, 0.01
213727, 5.56, 9.70, 1.28, 24.42, -24.01, -109.82, -0.96, 0.57, -0.11
213972, 10.19, 8.08, -3.27, 23.74, -20.70, -115.55, 1.04, 0.74, -0.55
214220, 1.37, 7.13, -4.02, 20.70, -14.03, -126.21, -0.64, -1.46, -0.45
214466, 4.98, 10.60, -3.17, 16.49, -17.64, -124.86, -2.20, 0.32, 0.05
214720, 3.55, 8.19, -0.99, 18.12, -24.16, -114.57, -1.04, 0.73, 0.58
214968, -3.28, 7.78, 15.32, 15.64, -26.06, -114.57, 2.66, -0.35, 1.29
215216, 3.63, 5.31, -7.50, 3.29, -24.86, -128.95, -0.00, -2.85, -0.73
215461, 2.70, 8.33, -5.92, -0.94, -30.53, -116.06, -3.05, 1.12, 0.04
215709, 4.41, 8.13, -1.69, 0.07, -33.28, -99.14, -1.14, 0.25, 0.31
215955, 4.28, 9.60, 2.34, -3.58, -30.25, -87.49, -0.77, -0.09, 0.23
216203, 2.79, 6.41, -2.54, -1.62, -29.99, -100.15, 1.93, -2.01, -0.29
216449, 6.31, 9.91, 12.60, 6.20, -31.77, -105.61, 3.12, -1.06, -1.89
216705, 9.47, 7.38, -1.95, 9.49, -31.10, -96.96, -1.02, 0.88, 0.15
216950, 5.16, 9.17, 1.00, 5.85, -28.72, -85.06, -0.67, 0.42, 0.08
217198, 5.88, 14.09, -4.18, 2.91, -30.09, -97.94, 1.92, -1.12, -0.29
217444, 0.78, 11.19, 0.68, 5.77, -29.64, -105.23, 0.66, -1.82, 0.12
217692, 5.01, 9.69, -4.12, 7.51, -29.90, -97.88, -1.48, 0.77, -0.22
217937, 4.56, 9.26, 0.39, 3.83, -28.73, -85.69, -1.16, 0.76, 0.17
218185, 10.40, 9.74, -4.71, 0.56, -29.68, -94.07, 1.07, -0.50, -0.86
218439, -0.05, 5.76, -5.12, 7.13, -31.06, -98.06, -1.08, -2.17, -0.33
218687, -0.51, 6.40, -5.29, 11.24, -30.52, -94.42, -2.32, -0.89, 0.54
218933, 7.08, 9.36, -0.32, 7.15, -27.71, -81.00, -1.48, 0.98, 0.00
219181, 8.98, 10.37, -8.73, 0.15, -27.19, -84.30, 1.36, 2.85, -0.19
219426, 1.48, 4.50, -7.13, 8.92, -30.75, -91.20, -0.15, -2.24, -0.67
219674, 6.34, 2.89, -6.56, 17.47, -30.21, -86.29, -3.48, 0.74, 0.93
219920, 3.85, 8.98, 1.19, 15.90, -25.17, -75.42, -0.49, 1.00, 0.26
220176, 5.56, 11.22, 2.00, 9.56, -18.47, -66.09, 0.02, -0.08, 0.11
220422, 4.74, 8.13, -4.72, 10.41, -29.00, -82.08, 1.29, -1.11, -0.62
220669, 1.60, 9.06, 11.80, 23.12, -30.94, -94.18, 1.85, -0.89, -1.03
220915, 6.53, 8.03, -1.47, 21.69, -27.26, -81.88, -0.69, 0.29, 0.17
221163, 5.29, 7.82, -0.05, 13.65, -22.00, -69.48, -1.04, 0.59, 0.10
221409, 10.42, 8.88, -6.11, 5.03, -26.16, -76.02, 1.03, 1.81, -0.52
221657, 1.76, 5.37, -3.52, 13.93, -31.13, -90.76, -0.05, -0.93, -0.65
221902, 0.95, 6.11, -4.93, 17.71, -30.04, -91.39, -1.65, 0.44, 0.06
222156, 3.84, 7.82, -0.85, 12.86, -27.27, -77.57, -0.90, 1.51, 0.23
222404, 5.52, 17.09, 7.13, 6.80, -24.13, -72.38, 1.77, 0.65, -0.27
222650, 4.61, 7.07, -5.09, 5.55, -31.53, -97.08, 0.85, -0.86, -0.84
222898, 2.27, 8.52, 0.14, 13.12, -31.16, -104.75, -1.09, 0.44, 0.15
223143, 4.34, 9.17, -2.66, 12.25, -31.58, -88.97, -0.83, 0.87, -0.08
223391, 5.35, 8.12, 1.88, 8.24, -29.11, -81.09, -0.64, 1.02, -0.12
223637, 4.64, 13.33, -6.62, 4.22, -32.24, -99.39, 2.41, 1.53, -0.68
223893, 3.05, 7.93, 0.40, 10.58, -27.33, -118.88, 1.07, -0.30, -0.41
224139, 7.09, 9.16, 0.03, 14.24, -26.19, -119.20, -1.03, 0.39, -0.29
224387, 4.88, 8.08, -0.37, 16.11, -28.85, -112.63, -0.87, 0.78, 0.12
224632, -4.09, 16.86, 12.79, 16.11, -30.01, -109.12, 2.12, -0.13, 1.08
224880, 2.61, 5.49, -4.17, 22.10, -18.80, -126.06, 1.16, -0.41, -0.68
225128, 4.38, 7.50, -0.67, 25.56, -10.84, -132.02, -1.23, 0.37, 0.10
225374, 4.93, 8.18, -1.47, 27.95, -20.53, -122.05, -0.37, 0.96, 0.07
225622, 5.02, 9.55, 1.82, 32.04, -24.31, -109.69, -0.71, 1.11, 0.05
225875, 3.67, 7.95, -5.47, 36.63, -18.52, -116.40, 2.71, 0.42, -0.60
226121, 1.37, 9.14, 8.46, 35.59, -7.80, -129.71, 2.20, 0.13, -1.17
226369, 7.71, 9.98, -4.37, 40.34, -10.86, -119.89, -0.75, 1.15, 0.00
226615, 6.81, 11.80, -2.71, 44.72, -15.26, -105.20, -1.05, 0.49, -0.16
226863, 6.60, 11.20, -8.80, 44.23, -17.35, -101.52, 1.44, 3.15, -0.22
227108, 1.26, 4.33, -4.81, 47.69, -8.93, -110.86, -0.15, -1.22, -0.70
227356, 5.27, -5.17, -7.67, 48.33, -6.07, -112.80, -2.33, 1.58, 1.70
227612, 5.52, 6.72, -1.26, 49.20, -9.87, -98.44, -1.09, 1.36, 0.27
227858, -7.15, 19.60, 17.48, 48.22, -10.70, -90.54, 5.00, -1.53, 1.19
228104, 3.68, 4.37, -6.22, 47.79, -11.96, -99.77, 0.25, -1.62, -0.63
228358, 11.37, -2.59, -3.93, 49.53, -7.86, -105.42, -4.15, 1.59, 0.86
228603, 4.90, 9.03, -1.88, 49.02, -10.54, -96.08, -0.83, 1.15, 0.01
228851, 4.26, 12.07, 4.17, 46.51, -10.44, -81.96, 0.31, 0.70, 0.04
229097, 4.09, 7.48, -4.55, 46.33, -14.13, -93.38, 1.15, -0.84, -0.54
229351, -5.35, 3.01, 7.02, 49.17, -6.85, -112.95, 0.34, 0.81, -1.13
229599, 3.22, 9.46, -2.29, 49.34, -10.00, -99.47, -0.62, 0.44, -0.18
229847, 3.89, 10.29, 1.16, 47.06, -8.73, -82.55, -0.64, 0.51, 0.10
230092, 2.70, 11.66, -5.92, 43.72, -15.04, -85.68, 2.08, -1.61, -0.63
230340, 1.08, 15.42, 2.72, 47.21, -11.90, -104.78, 1.20, -2.13, 0.24
230586, 1.23, 15.08, -6.38, 48.30, -9.57, -101.37, -1.96, 1.36, -0.27
230834, 4.80, 7.58, -1.84, 46.90, -10.70, -86.31, -1.93, 0.85, 0.04
231079, 13.13, 8.68, -4.86, 41.86, -15.05, -85.69, 1.23, 1.29, -0.77
231335, 1.04, 4.11, -4.67, 47.78, -10.11, -102.82, -0.76, -1.02, -0.53
231583, 13.07, -0.47, -7.48, 49.37, -6.53, -103.81, -2.41, 0.28, 1.01
231829, 2.96, 7.16, 0.14, 48.83, -8.20, -89.90, -1.30, 1.19, 0.18
232077, -10.38, 9.98, 1.69, 43.93, -11.50, -85.17, 2.48, 1.50, 1.70
232323, 0.79, 3.77, -6.72, 46.59, -10.52, -98.19, 0.29, -1.60, -0.72
232570, 2.45, 11.20, -7.11, 49.28, -4.91, -108.68, -1.33, 0.54, 0.71
232818, 4.39, 7.57, -1.21, 49.43, -8.14, -94.30, -1.32, 1.58, 0.37
233072, 8.29, 19.60, 9.98, 47.78, -7.98, -84.05, 2.79, -0.23, 0.16
233318, 5.70, 6.43, -6.16, 48.87, -9.54, -97.79, 0.83, -1.52, -1.04
233566, 2.34, 8.84, -6.18, 50.44, 0.31, -111.37, -2.41, 2.19, 0.27
233811, 4.21, 8.96, -2.27, 50.47, -4.56, -101.27, -1.17, 0.90, 0.27
234059, 3.57, 9.83, 2.39, 47.98, -5.41, -85.44, -0.97, 0.85, 0.15
234305, 4.20, 7.86, -4.67, 45.12, -11.39, -92.40, 1.85, -1.21, -0.83
234551, 5.44, 11.47, 13.01, 46.64, -6.53, -111.05, 2.96, -1.58, -1.78
234807, 7.83, 6.44, -1.22, 46.83, -5.06, -103.42, -1.19, 0.45, 0.31
235055, 5.43, 9.01, -0.47, 44.75, -7.28, -86.79, -0.84, 0.43, 0.22
235300, 12.47, 14.84, -2.38, 42.85, -12.63, -86.60, 1.98, -0.03, -0.93
235548, 2.33, 6.05, -3.99, 48.30, -7.51, -105.99, -1.27, -1.41, -0.16
235796, 3.63, 8.52, -6.49, 48.47, -3.92, -107.98, -2.27, 0.27, 0.85
236042, 5.00, 7.53, 0.47, 48.25, -8.35, -92.20, -0.85, 1.24, 0.21
236290, -8.50, 9.76, 13.02, 45.38, -14.69, -88.83, 3.45, 0.87, 2.07
236535, 2.38, 4.96, -6.72, 48.06, -8.07, -102.56, 0.54, -1.76, -0.91
236795, 19.60, 12.85, 4.45, 49.82, -1.67, -107.57, -0.46, -0.23, -1.25
237047, 5.35, 7.36, -0.93, 50.22, -3.89, -95.95, -0.93, 1.56, 0.14
237299, 10.18, 10.66, 3.59, 46.48, -2.97, -80.93, 0.65, 0.99, -0.18
237551, 4.67, 7.20, -4.58, 39.43, -15.68, -85.31, 1.74, 0.24, -0.64
237803, -3.31, 4.18, -0.28, 45.82, -12.28, -95.56, -0.11, 2.96, 0.64
238055, 5.29, 7.42, -3.82, 43.19, -8.26, -78.91, -0.84, 1.10, 0.07
238307, 3.25, 9.79, -0.12, 36.54, -3.64, -67.20, -0.70, 1.12, -0.02
238589, 2.26, 7.86, -4.98, 29.19, -19.16, -74.80, 2.08, -0.01, -0.77
238837, 2.77, 13.23, 15.06, 37.99, -20.04, -86.58, 2.78, 0.01, -0.79
239083, 8.82, 9.03, -3.38, 33.56, -14.13, -73.63, -1.09, 1.31, -0.10
239331, 5.82, 7.49, -1.45, 25.71, -11.37, -64.97, -1.03, 0.89, 0.17
239577, 8.90, 10.76, -6.08, 14.28, -19.12, -69.63, 1.30, 2.17, -0.47
239824, 3.29, 5.82, -2.48, 20.18, -26.00, -82.40, -0.01, -1.32, -0.52
240070, 3.84, 3.80, -6.58, 21.81, -26.32, -83.48, -2.82, 1.45, -0.64
240324, 6.33, 6.92, 0.55, 15.93, -21.98, -72.83, -0.98, 1.27, -0.31
240572, -0.26, 19.58, 16.09, 8.58, -21.81, -72.58, 5.00, -0.24, 0.81
240820, 2.78, 4.99, -4.98, 6.39, -28.81, -93.86, 1.13, -0.99, -0.76
241065, 6.63, 11.29, 7.88, 12.51, -29.67, -104.19, -0.76, 1.39, 0.06
241313, 4.05, 8.61, -2.36, 10.11, -27.89, -85.15, -0.28, 1.13, 0.02
241559, 3.03, 11.81, 2.03, 5.58, -24.70, -78.73, -0.46, 0.89, 0.00
241807, 2.98, 7.36, -4.86, 3.33, -27.86, -103.76, 2.26, -0.02, -0.70
242055, 3.29, 8.32, 12.34, 7.70, -25.61, -114.21, 2.63, -0.32, -1.97
242309, 3.74, 8.68, -3.92, 7.44, -27.01, -97.53, -0.80, -0.06, 0.29
242556, 6.42, 7.49, 0.84, 7.75, -27.24, -93.61, -0.77, 0.56, 0.15
242802, 5.17, 11.76, -5.71, 7.45, -26.60, -108.90, 1.68, -0.24, -0.48
243056, 3.42, 9.87, 2.17, 8.80, -24.04, -118.87, 0.55, -2.02, -0.22
243302, 7.48, 9.89, -3.26, 11.03, -26.91, -113.88, -1.29, 0.67, -0.21
243550, 5.88, 10.09, -1.78, 14.70, -30.14, -106.97, -0.92, 0.69, -0.04
243798, 9.10, 12.61, -11.42, 12.41, -27.92, -115.39, 0.85, 3.30, -0.25
244051, 3.58, 6.18, -3.30, 15.55, -19.82, -123.93, -0.38, -1.08, -0.47
244299, -1.58, 8.17, -4.39, 19.60, -17.73, -123.95, -2.34, 0.51, 0.26
244545, 4.74, 6.97, 0.08, 23.08, -23.34, -113.20, -0.62, 1.60, 0.34
244793, 8.85, 17.94, 9.71, 26.31, -24.12, -106.87, 2.19, 0.50, -0.09
245041, 6.14, 6.07, -5.80, 24.66, -15.29, -123.97, 0.31, -1.96, -0.70
245286, 2.41, 7.86, 1.24, 17.30, -11.71, -130.42, -1.67, -0.57, -0.70
245534, 2.51, 9.21, -3.67, 17.03, -23.17, -115.45, -0.67, 0.13, 0.84
245790, 5.20, 8.95, 1.88, 13.53, -27.21, -107.26, -0.60, -0.36, 0.52
246038, 5.42, 7.81, -4.25, 8.78, -26.24, -117.20, 1.15, -1.74, -0.13
246540, 4.49, 10.37, -3.74, -0.10, -32.45, -104.68, -1.42, 0.99, -0.47
246880, 4.31, 9.86, 3.57, -3.01, -30.40, -90.82, -0.48, 0.15, 0.33
247126, 1.92, 6.04, -3.74, -2.86, -29.29, -101.24, 1.23, -1.81, -0.89
247373, 4.29, 15.78, 14.09, 4.19, -31.31, -105.13, 3.28, -2.30, -1.50
247621, 6.20, 8.12, -3.37, 7.02, -30.52, -94.37, -1.17, 0.17, 0.40
247867, 4.81, 7.90, 1.09, 3.16, -27.80, -83.94, -0.74, 0.20, 0.27
248121, 2.62, 13.44, -6.49, -1.01, -29.00, -95.88, 1.51, -1.35, -0.36
248369, 2.32, 10.52, 0.87, 6.87, -30.39, -102.70, 0.64, -2.36, -0.08
248616, 7.89, 8.84, -4.28, 8.54, -30.05, -93.13, -1.77, 0.49, -0.20
248862, 4.92, 9.95, -2.44, 4.09, -28.50, -86.42, -1.16, 0.11, 0.32
249110, 12.62, 7.62, -3.67, -1.21, -29.36, -94.21, 0.38, 0.57, -0.87
249358, 0.83, 4.91, -6.03, 6.68, -30.71, -98.10, -0.82, -2.23, -0.68
249604, 1.80, 13.70, -7.53, 11.68, -30.46, -94.20, -1.48, -0.14, 0.10
249860, 2.71, 7.26, 1.13, 7.04, -28.31, -82.20, -0.47, 1.27, 0.44
250105, -0.28, 16.85, 9.33, 2.51, -25.21, -77.48, 4.50, -1.24, 1.38
250353, 4.24, 6.01, -7.00, 4.81, -30.34, -90.60, 0.83, -1.83, -0.75
250599, 2.75, 8.51, -6.18, 13.74, -31.53, -96.02, -3.38, 0.91, -0.23
250847, 4.55, 8.28, 0.19, 12.77, -28.24, -79.76, 0.17, 0.41, -0.12
251092, 4.63, 11.05, 4.31, 5.99, -22.38, -69.29, -0.58, 0.08, 0.15
251340, 2.79, 7.26, -4.48, 3.89, -28.41, -82.61, 1.75, -1.21, -0.65
251586, 3.14, 9.96, 11.55, 16.63, -31.58, -91.96, 2.35, -0.79, -1.94
251840, 11.19, 10.24, -4.89, 20.08, -26.62, -79.86, -0.66, 0.93, -0.02
252088, 6.26, 9.95, 0.97, 13.65, -20.77, -68.47, -0.64, 0.61, -0.33
252336, 10.40, 10.22, -7.08, 4.12, -25.99, -77.19, 0.74, 1.83, -0.57
252581, 1.54, 5.30, -2.83, 11.27, -30.88, -91.73, 0.20, -0.76, -0.43
252829, 1.22, 6.85, -5.05, 15.92, -30.31, -92.06, -2.16, 0.66, 0.37
253075, 5.75, 7.51, -1.26, 11.39, -28.35, -81.22, -0.92, 1.32, 0.29
253323, -0.22, 11.73, 6.51, 4.79, -27.39, -79.90, 2.30, 0.72, 0.51
253577, 2.90, 6.45, -4.69, 6.74, -31.63, -99.91, 0.82, -1.26, -0.86
253825, 4.35, 6.77, 3.29, 13.94, -30.61, -107.63, -1.91, 1.05, 0.13
254070, 3.46, 8.99, -2.07, 13.64, -32.55, -90.22, -0.36, 1.01, -0.08
254318, 4.62, 10.90, 1.76, 11.15, -29.63, -83.70, 0.25, 1.35, -0.17
254564, 3.84, 7.16, -5.07, 12.50, -28.62, -113.75, 2.41, 1.17, -0.60
254812, 3.04, 5.27, 15.18, 15.87, -21.60, -126.29, 2.27, 0.97, -0.31
255057, 3.84, 9.01, -2.97, 20.34, -25.84, -116.63, -0.64, 1.06, 0.04
255313, 4.49, 8.71, 0.18, 23.00, -28.00, -105.89, -0.72, 1.09, 0.02
255559, 6.89, 12.63, -5.27, 28.38, -22.43, -116.79, 2.52, 1.05, -0.68
255807, 2.27, 8.84, 1.09, 28.90, -13.62, -129.07, 0.15, -1.54, -0.35
256053, 7.47, 11.93, -5.97, 32.49, -15.05, -123.79, -1.90, 0.87, -0.37
256301, 3.78, 7.05, -0.51, 37.05, -19.88, -110.96, -1.17, 1.26, -0.05
256546, -6.33, 9.62, -2.10, 37.90, -19.70, -108.75, 3.30, 3.46, 1.22
256794, 1.27, 3.67, -6.02, 44.40, -8.30, -117.82, 0.18, -1.32, -0.44
257040, -0.14, 2.94, -9.06, 46.29, -1.91, -119.92, -1.60, -0.15, 0.45
257284, 4.26, 7.20, -0.25, 47.87, -11.14, -105.66, -0.42, 1.84, 0.37
257531, 9.74, 9.98, 2.45, 47.31, -12.45, -92.22, 0.18, 0.52, -0.01
257777, 4.50, 8.06, -4.37, 47.03, -12.31, -101.87, 1.53, -0.44, -0.71
258025, -0.14, 3.11, 14.56, 49.42, -1.49, -117.26, 1.52, -0.48, -0.47
258275, 4.41, 8.86, -2.62, 50.03, -6.93, -104.75, -1.28, 0.34, 0.27
258523, 4.84, 8.16, 1.22, 47.95, -8.81, -87.30, -0.82, 1.17, 0.21
258770, 3.07, 11.51, -4.60, 44.24, -15.57, -89.04, 2.20, -0.82, -0.80
259024, 3.29, 11.18, 5.32, 49.96, -9.05, -109.28, 1.02, -2.43, -0.84
259272, 5.29, 4.95, -1.24, 49.91, -8.07, -102.00, -1.48, -0.11, 0.64
259520, 5.50, 10.96, -1.35, 47.14, -9.02, -85.18, -1.11, 0.77, 0.25
259766, 13.41, 13.21, -3.22, 42.06, -15.70, -83.51, 1.87, 0.49, -1.07
260014, 0.11, 6.70, -4.33, 49.11, -9.59, -105.00, -0.91, -1.82, -0.45
260259, 3.19, 15.02, -4.25, 49.55, -8.54, -103.48, -2.66, -0.35, -0.03
260507, 4.65, 7.05, -0.60, 47.02, -11.28, -88.04, -1.55, 1.00, 0.28
260761, 10.61, 9.56, -7.29, 41.48, -16.75, -85.31, 1.30, 2.78, -0.32
261009, 1.42, 3.86, -6.59, 48.19, -10.46, -102.51, -0.13, -1.33, -1.02
261255, 1.14, 2.98, -5.45, 50.07, -5.60, -107.61, -2.40, 0.53, -0.56
261502, 3.52, 5.36, 1.88, 48.17, -11.06, -91.92, -0.59, 1.53, 0.01
261748, -6.25, 10.09, 0.20, 43.93, -13.59, -87.15, 2.45, 2.27, 1.87
261996, 1.52, 4.71, -6.29, 47.44, -11.46, -99.62, 0.43, -1.68, -1.06
262244, 7.91, 11.64, -5.69, 50.25, -4.65, -110.03, -0.98, 0.24, 0.17
262498, 2.94, 5.16, 2.60, 50.29, -10.27, -93.53, -0.58, 1.42, 0.09
262746, 2.63, 15.51, 16.91, 47.08, -10.48, -84.51, 4.60, -0.43, 0.27
262991, 4.15, 5.53, -6.26, 48.64, -12.09, -97.68, 0.83, -1.60, -0.90
263239, 9.01, 2.93, 12.03, 50.83, -2.63, -112.26, -0.30, 2.76, 0.34
263487, 4.50, 7.53, -1.24, 52.09, -9.03, -100.44, -0.15, 0.76, 0.32
263733, 5.44, 10.01, 3.40, 51.04, -12.57, -91.89, 0.06, 1.02, 0.38
263981, -0.01, 10.92, -1.19, 53.76, -13.50, -84.17, 0.95, -0.78, -0.73
264226, 3.06, 7.13, 4.96, 58.49, -11.79, -91.22, 0.86, -1.28, -0.64
264480, 10.56, 3.64, -5.53, 43.06, -11.31, -90.30, -2.32, 0.83, 0.14
264728, 4.53, 8.85, -0.66, 37.99, -10.08, -81.01, -1.37, 1.30, 0.23
264974, 7.64, 7.91, -7.62, 35.62, -13.52, -83.62, 0.97, 2.61, 0.11
265222, 0.86, 5.22, -5.75, 43.76, -12.77, -99.25, 0.45, -1.77, -0.61
265467, 12.66, 16.00, -3.46, 47.47, -7.45, -105.48, -1.28, -1.12, -0.09
265715, 4.65, 6.91, -0.66, 46.86, -9.78, -91.80, -0.51, 1.54, 0.21
265963, 10.37, 14.45, 4.94, 43.41, -8.55, -79.79, 0.63, 0.19, -0.23
266240, 3.98, 5.93, -6.25, 44.40, -13.12, -94.43, 0.95, -1.64, -0.84
266485, 3.55, 6.07, -0.56, 48.22, -6.30, -109.16, -1.22, -0.13, -0.49
266733, 3.54, 9.81, -1.75, 48.03, -9.18, -97.75, -0.76, 0.73, 0.19
266979, 4.70, 11.29, 5.55, 45.86, -9.30, -84.22, -0.38, 0.39, -0.01
267227, 3.11, 8.50, -5.64, 43.19, -13.20, -91.96, 2.04, -0.22, -0.93
267472, -1.92, 8.20, 15.92, 49.04, -6.33, -104.66, 2.39, -0.76, -0.95
267718, 4.12, 8.32, -3.20, 48.74, -6.02, -93.09, -0.56, 0.51, 0.12
267966, 5.55, 9.18, 0.09, 45.62, -4.14, -80.21, -0.94, 0.97, 0.12
268220, 7.23, 12.34, -6.56, 35.27, -13.52, -75.58, 2.22, 1.09, -0.34
268466, 2.11, 9.08, 1.56, 40.21, -17.00, -86.39, 0.88, -1.66, 0.12
268711, 5.38, 12.36, -6.33, 38.70, -10.79, -76.12, -2.03, 0.39, -0.06
268959, 4.75, 9.10, -3.38, 31.75, -7.97, -65.89, -0.65, 0.74, -0.07
269205, -1.29, 12.56, -7.80, 20.62, -16.71, -68.49, 2.51, 3.50, 0.60
269451, 4.46, 2.89, -3.92, 20.48, -25.55, -82.90, -0.06, -1.08, -0.83
269699, -2.47, 5.64, -6.10, 26.67, -25.84, -89.42, -0.97, -0.51, 0.57
269953, 4.23, 6.79, -1.65, 20.27, -22.36, -75.83, -0.63, 1.58, 0.09
270200, 6.02, 10.72, 1.47, 11.33, -15.64, -65.71, 0.16, 1.08, -0.11
270446, 2.28, 8.06, -3.96, 6.75, -28.57, -87.66, 1.81, -0.17, -0.50
270694, 2.92, 10.07, 12.67, 16.50, -29.55, -98.87, 2.26, -0.01, -1.46
270940, 7.04, 8.95, -2.48, 15.90, -27.90, -86.45, -0.54, 0.43, 0.31
271187, 6.65, 10.07, -1.82, 9.24, -24.92, -77.08, -0.88, 0.57, 0.00
271433, 9.28, 10.90, -10.01, 1.80, -28.35, -89.67, 1.71, 2.54, -0.52
271687, 2.20, 5.30, -1.91, 7.80, -27.84, -106.99, -0.12, -0.77, -0.56
271935, 2.30, 12.74, -4.25, 13.33, -26.67, -107.70, -0.88, 0.41, 0.65
272183, 5.60, 7.49, 0.98, 10.74, -28.66, -95.86, -1.06, 1.65, 0.52
272429, 2.31, 13.67, -9.27, 6.36, -27.58, -100.92, 2.85, 3.21, 0.59
272674, 1.07, 1.93, -4.51, 12.70, -20.70, -122.24, 0.41, -0.86, -0.82
272922, 3.93, 3.69, -7.96, 15.49, -18.50, -126.38, -2.25, 0.71, 0.92
273172, 4.83, 7.09, -0.57, 15.62, -27.27, -113.39, -0.17, 1.43, -0.02
273422, 5.99, 9.31, 8.46, 16.71, -29.70, -107.83, 1.59, 1.10, 0.08
273676, 3.72, 6.80, -4.28, 13.99, -22.32, -126.78, 1.31, -0.36, -0.79
273924, 3.54, 6.92, 2.04, 16.14, -13.86, -130.25, -0.49, 1.05, 0.55
274169, 5.25, 8.84, -1.90, 19.56, -21.54, -117.49, -0.68, 0.62, 0.17
274417, 4.63, 9.45, 0.66, 20.84, -26.06, -107.95, -0.83, 0.56, 0.23
274663, 3.35, 12.12, -5.58, 23.15, -19.94, -118.93, 1.48, -0.59, -0.63
274911, 3.22, 12.69, 7.53, 19.99, -13.33, -128.22, 1.33, -2.35, -0.81
275156, 3.86, 9.16, -2.88, 21.63, -18.80, -121.62, -0.60, 0.59, -0.29
275412, 4.95, 7.92, -0.28, 23.82, -22.67, -114.02, -0.92, 0.44, 0.53
275658, 14.50, 7.57, -6.56, 21.84, -22.87, -117.04, 0.18, 0.26, -0.55
275906, 0.79, 7.78, -3.63, 16.52, -18.59, -129.87, -0.80, -2.36, -0.64
276152, 8.75, 13.87, -6.56, 5.33, -26.75, -124.19, -1.56, 0.13, -0.23
276400, 3.91, 8.15, -0.59, 2.13, -34.10, -111.90, -0.85, 0.45, 0.30
276647, 8.47, 11.11, 3.14, -3.27, -34.67, -98.11, 0.01, -0.41, 0.01
276893, 4.49, 9.48, -4.38, -1.10, -30.59, -108.62, 0.82, -1.93, -0.38
277149, 6.00, 3.23, 7.00, 6.93, -31.01, -115.89, 1.39, -0.33, -1.22
277395, 11.77, 10.13, -3.23, 9.25, -31.39, -98.61, -1.22, 0.82, -0.28
277643, 5.98, 7.99, -0.55, 5.06, -30.33, -88.44, -0.92, 0.70, 0.12
277889, 7.49, 8.81, -6.25, -0.67, -29.55, -98.26, 1.49, 2.30, -0.73
278136, 1.17, 4.41, -5.36, 6.36, -28.92, -107.82, 0.27, -1.63, -0.90
278384, -1.78, 13.15, -10.21, 12.47, -29.26, -107.66, -0.55, -2.19, -0.32
278630, 3.61, 7.50, -1.80, 9.32, -30.02, -91.42, -0.86, 1.01, 0.22
278884, 5.22, 19.60, 10.63, 4.41, -27.52, -82.97, 2.71, -0.38, 0.55
279132, 4.35, 7.03, -5.87, 5.45, -29.26, -104.98, 0.73, -1.26, -0.84
279377, 1.79, 7.32, -6.36, 12.48, -28.73, -109.35, -2.24, 2.45, 0.30
279625, 3.88, 9.11, -2.46, 10.82, -30.80, -91.99, -0.70, 0.94, -0.02
279871, 3.60, 11.44, 4.19, 5.95, -27.83, -83.13, -0.49, 0.88, 0.24
280119, 4.15, 8.72, -5.07, 4.84, -29.76, -104.09, 1.16, -1.45, -0.81
280365, 5.53, 5.80, 17.88, 10.83, -28.95, -112.15, 2.71, -0.18, -2.70
280612, 5.38, 9.56, -1.90, 12.03, -30.56, -96.58, -0.78, 0.40, 0.29
280868, 6.01, 9.21, 1.58, 7.88, -28.85, -86.26, -0.79, 0.87, 0.26
281114, 2.56, 11.63, -4.93, 4.46, -30.02, -102.66, 1.69, -1.99, -0.48
281362, 2.66, 12.58, 2.48, 7.23, -29.80, -108.18, 1.06, -1.89, -0.06
281610, 7.30, 9.77, -3.81, 11.02, -30.61, -102.63, -1.48, 0.99, -0.30
281856, 4.42, 7.48, -1.67, 8.07, -30.20, -90.59, -1.57, 0.93, 0.13
282103, 13.49, 8.56, -7.58, 1.74, -30.28, -99.68, 1.26, 1.82, -1.04
282349, -0.39, 5.50, -10.18, 6.71, -28.41, -108.42, -0.39, -1.60, -0.58
282605, 6.02, -1.75, -5.16, 9.82, -29.38, -106.43, -2.05, -0.41, 0.78
282851, 4.93, 7.02, -0.97, 6.24, -29.57, -92.49, -0.84, 0.96, 0.32
283099, 0.01, 12.57, 12.39, 0.23, -28.60, -91.19, 5.00, -0.83, 1.61
283344, 3.36, 7.04, -5.82, 2.88, -28.75, -105.41, 0.79, -1.33, -1.10
283592, 3.04, 8.29, 15.05, 9.94, -27.73, -108.89, -1.53, 1.96, 0.56
283838, 4.71, 8.85, -1.79, 9.84, -29.49, -92.31, -0.67, 1.00, 0.28
284086, 4.68, 10.20, 2.26, 5.00, -28.06, -84.17, -0.54, 0.43, 0.17
284334, 2.38, 7.36, -4.35, 4.50, -29.52, -105.76, 1.58, -0.43, -0.71
284588, 6.93, 5.24, 5.10, 9.15, -27.29, -115.48, 1.52, 2.60, -0.96
