Josh Shin Data Day 3 Test 2: Motion data
2215, 4.05, 8.83, -1.38, 26.95, -15.97, -71.43, -0.09, -0.14, 0.11
2459, 1.33, 8.36, -3.41, 25.97, -12.82, -69.13, -0.08, -0.14, 0.11
2707, 1.03, 9.37, -1.92, 29.77, -12.26, -70.39, -0.09, -0.14, 0.11
2953, 3.72, 10.34, -2.72, 35.91, -7.97, -71.98, -0.09, -0.14, 0.11
3201, 15.97, 3.60, -7.60, 42.62, 7.60, -68.80, -0.09, -0.14, 0.11
3448, 8.36, 11.67, -6.06, 13.87, -16.78, -67.79, -0.09, -0.14, 0.11
3694, 5.33, 9.30, -0.14, 10.22, -15.99, -67.38, -0.09, -0.14, 0.11
3948, 1.85, 9.26, -2.57, 21.88, -11.79, -65.64, -0.09, -0.14, 0.11
4196, 0.22, 18.98, -3.29, 38.72, -1.75, -68.72, -2.25, -5.00, -3.73
4444, 14.29, 2.74, -0.54, 34.51, -7.92, -66.88, 0.60, 1.64, 5.00
4691, -19.60, 19.60, 5.95, 11.02, -13.30, -64.88, -1.05, -2.68, 0.04
4937, 0.66, 8.93, -2.12, 22.45, -11.77, -66.84, 0.00, -0.45, -0.97
5185, -3.48, 12.59, -0.03, 33.95, -3.99, -68.33, -0.00, -0.59, -2.53
5433, 2.69, -1.13, 0.91, 43.16, 2.60, -71.79, 0.62, 0.09, 3.87
5679, -7.95, 12.31, -3.07, 5.99, -14.41, -70.48, -0.58, -1.68, -1.52
5935, 1.39, 8.80, -3.03, 17.71, -12.17, -67.67, -0.06, -0.33, -0.84
6182, -3.32, 12.05, -0.57, 29.48, -6.47, -68.11, -0.03, -0.35, -2.54
6430, 4.76, 0.74, -0.75, 40.85, 1.89, -65.14, 0.79, -0.95, 3.81
6676, -4.08, 9.96, -4.03, 3.73, -18.72, -67.38, -0.63, -1.29, -0.95
6924, 6.83, 8.56, -2.14, 17.54, -15.58, -64.19, -0.11, -0.05, -1.08
7170, -3.37, 11.74, -0.66, 28.87, -9.35, -65.76, 0.06, -0.41, -1.80
7417, 12.79, 1.23, 2.95, 43.63, 5.79, -67.52, 0.45, -1.91, 2.03
7671, 1.76, 8.22, -4.01, 1.29, -17.82, -68.04, -0.01, -1.36, 0.57
7919, 2.80, 8.95, -2.43, 16.79, -14.66, -64.54, -0.31, -0.56, -0.93
8165, -1.05, 11.34, -0.80, 29.39, -7.34, -64.21, -0.34, -0.89, -2.00
8413, 3.46, -0.97, 2.92, 44.27, 3.42, -69.48, 0.46, -1.60, 3.45
8660, 0.59, 7.07, -2.18, 3.71, -18.08, -68.66, 0.01, -1.60, 1.49
8906, 0.26, 9.03, -1.85, 17.80, -15.05, -65.16, 0.15, -0.35, -1.21
9154, 2.64, 11.20, -2.50, 27.52, -8.80, -64.31, -0.37, -0.91, -1.41
9402, 16.32, 2.65, -1.15, 46.16, 12.66, -68.81, -0.40, 0.36, -0.13
9656, 5.99, 13.71, -4.84, 16.98, -17.25, -67.47, 0.91, 0.70, 4.66
9904, 2.72, 8.91, -6.14, 24.88, -14.38, -65.61, -0.23, -1.96, -0.84
10151, 2.96, 8.77, -2.66, 33.56, -7.44, -67.13, -0.47, -0.47, -1.45
10397, 16.63, 3.56, -5.05, 48.87, 15.55, -73.56, -0.34, 2.95, -1.02
10645, 1.63, 9.38, -2.09, 31.80, -17.36, -74.45, 0.93, 0.78, 5.00
10893, 10.98, 6.32, -5.25, 30.31, -16.12, -70.59, -0.86, -0.54, -2.26
11139, 2.88, 8.84, -2.38, 39.07, -8.52, -72.13, -0.36, -0.34, -1.16
11395, -11.04, 6.77, -7.77, 51.97, 17.13, -79.77, 0.80, 3.05, -1.46
11640, 9.51, 7.52, -4.51, 38.94, -13.90, -78.85, 1.49, -0.26, 5.00
11888, 9.84, 9.33, -2.09, 30.09, -18.99, -74.35, 0.20, 1.71, -1.61
12136, 2.94, 9.18, -1.40, 39.13, -10.35, -76.64, -0.07, -0.40, -0.96
12382, -3.41, 11.29, -8.10, 51.26, 8.18, -85.18, 0.26, -1.49, -2.93
12630, 7.60, 5.96, -2.23, 39.49, -11.15, -76.37, 1.14, 2.06, 5.00
12875, 9.49, 4.48, 3.35, 15.45, -20.80, -71.38, 3.01, 5.00, -3.50
13123, 2.32, 8.76, -1.14, 25.39, -17.67, -69.94, -0.15, -0.12, -0.92
13379, -1.65, 19.39, -1.64, 40.87, -6.27, -72.62, 0.22, -3.02, -3.64
13625, 3.07, 0.95, -2.17, 31.01, -17.51, -73.93, 1.69, 1.09, 4.56
13873, 7.46, 4.57, -5.61, -10.46, -21.13, -79.47, -0.43, 3.94, -3.49
14118, 2.78, 9.45, -0.90, 1.84, -25.01, -79.06, -0.10, 0.26, -1.00
14366, -1.41, 11.19, -1.27, 14.94, -25.30, -81.79, 0.44, 0.80, -2.40
14614, 6.11, 0.91, -3.61, 29.54, -24.31, -87.04, 2.00, -0.70, 2.61
14866, -5.06, 7.13, -4.47, -20.81, -17.48, -100.03, -1.63, -2.38, 1.16
15120, 8.15, 7.47, -3.87, -2.75, -26.83, -101.05, -0.03, 0.73, -0.93
15366, -4.23, 11.63, 1.06, 7.80, -28.69, -100.64, 0.10, -0.17, -1.83
15613, 15.14, 0.46, -4.15, 36.89, -21.51, -100.72, 2.15, 0.12, 1.14
15861, 9.44, 7.55, -6.48, -8.55, -21.10, -114.21, -0.26, -0.63, 3.87
16107, -5.17, 10.57, -0.49, 3.11, -26.22, -110.82, -0.45, -1.69, -0.48
16355, 2.58, 9.59, -1.71, 12.20, -26.29, -110.41, -0.13, -0.29, -1.39
16603, -1.35, 5.16, -18.39, 35.37, -16.43, -113.21, 0.63, 5.00, -1.56
16848, 5.35, 14.33, -5.34, 10.65, -24.99, -116.06, 0.68, 2.57, 5.00
17104, 10.82, 9.43, -2.43, 13.77, -25.90, -114.13, 0.22, -0.36, -1.25
17352, 3.12, 9.68, -1.95, 21.06, -23.52, -113.23, -0.15, -0.33, -0.97
17598, -2.71, 11.81, -7.05, 39.52, -13.90, -116.56, -0.38, -2.23, -2.76
17846, 7.86, 5.90, -1.12, 24.61, -24.12, -112.38, 0.03, 1.90, 5.00
18092, 18.09, 0.52, -4.32, 12.06, -26.16, -110.17, -0.32, 2.82, -4.05
18339, 3.35, 8.27, -2.28, 22.84, -24.13, -110.61, -0.02, -0.29, -0.91
18587, -1.54, 19.60, 2.00, 38.47, -14.22, -111.60, -0.49, -2.63, -3.02
18841, 5.24, 1.37, 0.39, 30.99, -20.20, -113.17, 0.22, 1.22, 5.00
19087, -3.82, 19.60, 11.00, 4.81, -25.83, -109.66, -2.45, 0.99, 0.14
19335, -0.35, 8.73, -2.27, 21.57, -24.14, -110.16, -0.10, 0.07, -1.00
19582, -0.11, 17.40, 1.18, 35.21, -17.06, -111.03, -0.04, -0.01, -2.77
19828, 8.35, 1.79, -1.24, 37.65, -16.44, -112.79, -0.11, 1.48, 4.44
20076, -2.87, 11.16, -1.98, -4.18, -23.37, -111.33, 0.02, -0.54, -3.10
20324, 2.34, 9.06, -3.15, 17.73, -24.92, -110.74, -0.05, -0.85, -0.84
20578, -3.18, 11.69, -0.09, 28.98, -19.23, -111.55, -0.01, 0.17, -2.36
20826, 5.28, -2.46, 0.94, 39.73, -12.76, -114.35, -0.04, -0.48, 3.14
21073, -2.29, 12.98, -9.19, -6.15, -21.89, -114.86, -1.58, -3.53, -0.94
21321, 8.61, 8.09, -3.81, 16.38, -26.40, -112.45, -0.06, 0.52, -1.00
21567, -1.53, 12.03, 0.42, 24.13, -22.49, -113.49, -0.04, -0.29, -1.81
21815, 8.69, -2.33, -0.45, 42.41, -12.98, -117.28, 0.96, 0.14, 1.73
22061, 12.27, 5.04, -2.96, -0.15, -26.02, -121.09, 0.01, 0.25, 2.92
22315, -0.74, 9.06, -1.42, 20.91, -25.80, -113.75, 0.32, 1.02, -0.93
22562, 1.49, 11.63, -0.78, 30.18, -19.19, -112.17, -0.13, -0.79, -1.55
22810, 19.05, 4.86, -3.16, 38.23, -4.72, -107.13, 1.30, 2.47, -0.37
23056, 0.49, 13.21, -3.40, 3.07, -21.70, -112.19, 0.65, 0.30, 4.95
23304, -4.12, 9.86, -1.54, 11.72, -25.68, -109.63, -0.47, -2.74, -0.59
23549, 4.07, 9.11, -2.13, 19.76, -22.46, -111.15, -0.08, -0.50, -1.38
23797, -1.64, 6.43, -6.70, 36.22, -11.02, -116.33, -0.80, 0.31, -2.17
24043, 9.97, 9.14, -2.53, 13.27, -24.77, -112.42, 0.56, 0.89, 5.00
24299, 15.14, 7.63, -2.81, 12.80, -25.80, -110.63, -0.56, -2.34, -1.55
24547, 1.97, 9.24, -1.40, 19.51, -22.48, -112.91, -0.13, -0.59, -1.01
24793, -2.62, 7.83, -2.17, 34.87, -11.31, -118.25, 0.16, -0.69, -2.39
25040, 8.90, 8.96, -2.05, 22.48, -21.59, -115.76, 0.37, 2.55, 5.00
25288, 12.52, 10.10, -13.34, 13.30, -24.83, -111.84, -0.23, 2.09, -2.27
25534, -1.39, 9.84, 0.09, 21.10, -21.19, -114.86, 0.32, 0.13, -1.11
25782, -0.37, 18.47, -10.58, 37.39, -7.54, -120.67, 0.72, -1.61, -3.60
26036, 1.37, 0.54, 1.32, 42.40, -10.00, -113.14, 0.73, 0.95, 4.86
26281, 1.33, 3.76, 1.16, 31.03, -21.34, -101.94, 3.26, 3.25, -1.94
26529, 2.00, 9.68, -1.34, 41.42, -13.08, -99.84, -0.02, -0.35, -0.80
26775, 1.11, 19.60, 0.24, 50.15, 2.62, -100.89, 0.01, -1.11, -3.54
27023, 5.53, 1.08, -2.10, 50.20, 1.86, -90.65, 1.73, 0.16, 4.14
27269, -14.64, 19.60, 12.01, 27.74, -20.05, -82.21, -0.86, -1.69, -0.11
27516, 1.54, 9.54, -1.81, 36.96, -13.08, -81.42, -0.12, -0.50, -0.66
27781, 3.63, 16.73, -1.78, 45.38, -1.45, -81.60, 0.16, -0.23, -2.92
28028, 5.94, -1.02, -3.47, 45.28, 2.35, -75.26, 1.76, -0.95, 3.70
28274, -0.37, 7.58, 0.01, 17.92, -19.29, -72.48, -0.13, 0.89, -3.38
28522, 0.78, 9.44, -3.06, 26.03, -14.72, -71.63, 0.04, 0.21, -0.99
28770, -1.85, 10.34, -0.92, 34.70, -7.63, -72.70, 0.36, 0.59, -2.26
29016, 5.17, -0.13, -1.82, 43.89, 5.28, -72.67, 0.89, -0.02, 2.11
29263, -3.70, 4.63, -5.08, 6.14, -15.27, -69.77, -1.40, -1.96, 0.56
29509, 8.95, 7.24, -1.66, 15.26, -13.86, -68.23, 0.19, 0.13, -0.93
29773, -0.70, 10.56, -0.86, 25.05, -9.72, -69.76, 0.24, 0.61, -2.03
30027, 10.62, -0.63, -1.40, 35.50, -2.15, -68.55, 1.14, -1.35, 1.68
30279, 6.50, 1.60, -2.61, -3.73, -17.99, -74.04, -0.63, -2.38, 1.43
30531, 6.72, 8.32, -1.10, 5.86, -19.70, -71.89, 0.42, 1.00, -1.11
30783, -2.28, 11.68, 0.07, 16.57, -19.47, -74.26, 0.47, 0.14, -1.75
31035, 11.64, -1.32, -4.63, 30.85, -15.83, -73.71, 1.81, 0.74, 1.24
31289, 5.97, 5.63, -0.17, -18.21, -15.80, -84.22, -1.00, -2.25, 2.26
31549, 3.53, 6.77, -2.23, -5.32, -23.11, -85.44, 0.02, -0.68, -0.96
31795, 1.44, 10.76, -0.71, 5.76, -24.12, -84.67, 0.11, 0.04, -1.78
32043, 11.19, -2.64, 1.84, 28.57, -20.55, -85.00, -0.57, -1.23, 1.57
32288, -1.42, 9.78, -0.35, -16.06, -11.39, -74.10, -0.71, -5.00, 3.64
32536, 3.26, 9.30, -3.32, -5.31, -16.47, -72.68, 0.19, 0.44, -0.68
32782, 6.03, 9.85, -3.18, 3.43, -17.52, -71.50, -0.23, -0.07, -1.53
33030, 19.60, 6.70, -6.27, 33.28, -5.54, -69.45, -1.50, 2.66, -0.94
33275, 0.33, 15.07, -5.81, 4.25, -13.99, -63.14, 0.61, 0.12, 4.78
33529, -2.21, 10.36, -3.12, 16.94, -13.56, -62.50, 0.23, 0.09, -0.87
33777, 3.78, 9.05, -4.70, 25.75, -10.01, -65.05, -0.03, -0.43, -1.32
34023, 19.60, 7.59, -3.62, 41.44, 5.96, -67.06, 0.61, 2.06, -0.95
34271, 0.86, 15.97, -5.92, 11.03, -16.79, -66.87, 0.65, 0.94, 5.00
34519, -4.90, 10.84, -4.04, 17.07, -15.33, -65.80, -0.65, -1.23, -0.73
34764, 3.37, 10.19, -2.16, 25.10, -11.74, -66.92, -0.19, -0.59, -1.21
35012, 11.36, 2.72, -9.91, 46.13, 5.90, -73.79, 0.06, 3.97, -1.83
35268, 3.29, 14.26, -4.37, 17.42, -16.92, -67.19, 0.32, 0.85, 5.00
35516, 8.98, 6.66, -1.75, 17.76, -15.87, -66.27, -0.11, -2.14, -1.21
35762, 2.17, 9.08, -2.57, 27.73, -10.86, -66.60, -0.13, -0.30, -1.16
36009, -4.92, 7.00, -2.51, 49.47, 9.13, -77.71, -1.41, -2.86, -1.86
36257, 9.91, 8.59, -4.70, 29.58, -14.44, -69.39, 0.69, 0.43, 5.00
36503, 11.78, 4.70, -4.30, 21.48, -16.92, -66.65, 0.59, 1.00, -1.46
36751, 0.33, 9.09, -2.96, 31.69, -10.60, -67.17, -0.25, -0.14, -1.16
36999, -0.71, 17.81, -11.25, 48.92, 8.21, -76.47, -0.98, -5.00, -2.79
37253, 8.37, 5.74, -1.87, 40.49, -10.22, -74.03, 0.09, 2.09, 5.00
37500, 19.60, 9.26, -8.22, 25.34, -19.32, -71.31, -1.44, 1.08, -4.04
37748, -0.11, 8.93, -3.22, 36.44, -12.22, -72.22, -0.21, -0.75, -0.94
37996, -0.67, 19.60, 1.60, 49.14, 5.19, -77.49, -0.62, -3.21, -3.13
38242, 2.88, 2.30, -0.45, 48.74, -4.76, -82.59, -0.14, 1.88, 5.00
38490, -19.60, 19.60, 9.59, 24.67, -20.17, -75.84, 1.05, 0.02, -0.12
38737, 3.83, 8.91, -1.39, 36.03, -11.59, -76.92, 0.25, -0.17, -0.83
38991, 4.90, 19.60, -0.55, 47.03, 0.54, -79.20, -0.28, -1.80, -3.62
39491, -19.45, 19.60, 11.25, 18.14, -20.56, -70.67, -1.57, -2.12, 1.08
39804, 3.40, 9.29, -1.38, 26.85, -17.99, -71.62, 0.28, -0.15, -0.84
40173, 13.53, -1.19, -5.88, 38.98, -5.20, -66.82, 2.03, 0.50, 1.13
40513, -18.19, 19.60, 8.69, -5.51, -18.39, -70.97, 0.51, 0.56, -0.78
40761, 4.05, 9.57, -0.48, 4.74, -24.17, -76.76, 0.09, -0.43, -0.76
41007, -0.87, 15.25, -7.04, 18.18, -24.85, -81.67, 0.80, 0.61, -2.68
41261, 8.61, -2.62, -3.04, 25.18, -26.59, -89.74, 2.23, -0.75, 3.70
41508, -4.25, 10.24, 1.54, -19.89, -19.35, -92.05, 0.33, 1.09, -2.68
41756, 2.78, 9.08, -1.64, -2.12, -27.89, -97.68, 0.29, -0.11, -0.94
42002, -1.89, 12.36, -1.19, 12.31, -28.02, -102.53, 0.85, 0.82, -2.54
42250, 8.10, -1.60, -2.35, 31.91, -23.60, -107.13, 1.18, -0.40, 3.10
42496, -3.08, 12.32, -4.56, -11.65, -21.40, -113.31, -1.24, -2.26, -0.33
42743, 4.16, 8.85, -3.32, 9.49, -25.93, -112.54, -0.21, -1.07, -0.94
42991, -3.26, 12.70, 0.09, 19.32, -24.16, -114.40, 0.26, 0.15, -1.89
43247, 5.15, -1.13, -0.61, 38.66, -15.32, -114.75, 0.54, -0.84, 2.62
43493, -1.62, 9.43, -7.87, -7.21, -26.15, -112.22, -1.70, -3.62, -0.32
43741, 11.14, 8.63, -3.59, 13.42, -26.32, -111.88, 0.48, 1.32, -0.90
43988, 0.49, 12.49, -0.31, 23.18, -23.06, -113.45, 0.10, -0.13, -1.87
44236, 13.04, -1.16, -0.18, 43.86, -12.42, -111.65, 0.26, -1.33, 1.27
44482, 11.76, 3.65, 0.32, -3.80, -23.36, -112.96, 0.32, -0.16, 2.76
44730, 4.89, 8.30, -2.36, 15.87, -26.48, -111.25, 0.25, 1.61, -0.88
44986, -0.02, 10.57, -0.46, 24.71, -22.26, -110.95, 0.10, 0.09, -1.96
45236, 7.21, 0.22, -4.07, 42.17, -11.05, -112.66, 0.41, -0.06, 1.20
45484, 9.37, 2.80, -2.54, -3.04, -23.17, -115.17, -0.96, -3.51, 3.15
45731, 1.67, 8.87, -1.83, 15.40, -26.16, -111.24, 0.38, 1.62, -1.05
45977, -2.59, 12.23, -0.24, 25.01, -21.31, -113.33, -0.03, -0.14, -1.66
46225, 15.45, 1.96, -0.77, 43.82, -8.51, -113.43, 0.44, -0.50, 0.60
46473, 4.91, 11.17, -0.73, -0.06, -24.07, -113.67, 0.60, -0.66, 4.18
46729, 1.44, 8.70, -2.25, 15.01, -26.48, -111.05, 0.52, 1.74, -0.97
46974, 0.13, 12.13, 1.43, 24.44, -22.16, -112.03, 0.04, -0.21, -1.92
47222, 14.56, -0.66, -0.53, 44.52, -10.30, -111.58, 0.33, -1.08, 1.09
47470, 6.30, 4.38, 2.01, -2.86, -23.93, -115.83, 0.23, -2.09, 3.03
47718, 6.93, 8.26, -2.89, 14.00, -27.32, -113.84, 0.33, 1.84, -0.98
47964, -0.45, 12.83, -1.05, 23.37, -24.44, -114.10, 0.08, -0.11, -1.81
48211, 12.00, -1.53, 0.45, 44.33, -16.81, -119.25, -0.10, -1.52, 1.35
48465, 11.08, 0.06, 0.60, 8.78, -29.35, -119.28, 0.44, -1.58, 2.58
48713, 7.93, 8.77, -3.04, 22.99, -15.86, -106.17, -0.02, 0.75, -1.00
48961, -0.53, 12.26, -0.38, 23.68, -10.26, -106.14, -0.18, -0.52, -1.78
49209, 14.10, -4.26, 1.99, 33.00, -12.88, -106.88, 0.27, -2.14, 1.92
49455, 18.71, -0.55, -7.14, -3.99, -18.08, -118.37, 0.76, 0.55, 2.36
49702, 7.83, 7.99, -1.92, 9.28, -22.80, -114.38, 0.19, 0.73, -0.69
49950, 0.60, 12.21, 0.89, 19.66, -20.43, -114.70, 0.22, 0.36, -2.34
50196, 8.90, -0.76, -4.09, 44.29, -8.18, -113.42, 1.94, -1.43, 2.17
50452, -1.72, 9.80, -8.23, 9.92, -21.50, -118.68, -2.35, -2.97, 0.23
50700, 14.71, 5.71, -1.05, 32.80, -18.01, -111.79, -0.42, -1.31, -0.96
50948, -3.39, 11.19, -0.43, 39.40, -9.97, -113.02, 0.06, 0.46, -2.42
51195, 5.40, 0.15, -0.54, 49.25, 3.33, -112.39, 0.23, -1.35, 3.18
51441, -5.61, 10.24, -4.05, 14.66, -23.38, -114.43, -1.35, -2.89, 0.25
51689, 9.42, 9.10, -3.01, 34.26, -17.85, -109.30, -0.10, -0.41, -0.74
51937, -3.54, 10.92, -0.15, 40.53, -9.03, -111.02, 0.13, 0.38, -2.19
52191, 6.73, 1.49, -3.53, 52.10, 9.06, -107.89, 1.26, -0.02, 2.28
52439, 2.09, 4.75, -3.85, 24.90, -24.83, -103.92, -0.99, -0.83, 0.84
52686, 11.22, 7.97, -0.04, 40.69, -14.34, -96.00, 0.02, -0.27, -0.91
52934, -3.46, 11.22, -0.29, 48.00, -2.86, -98.32, 0.61, 0.97, -2.45
53180, 12.38, 0.37, -3.73, 51.62, 15.05, -82.34, 2.21, -0.72, 1.85
53428, 2.63, 4.09, -5.39, 22.70, -22.67, -83.13, -1.47, -1.84, 0.95
53676, 8.15, 9.57, -1.88, 31.77, -14.05, -76.53, 0.13, -0.80, -0.94
53921, -1.78, 11.67, 0.40, 40.43, -6.01, -78.14, 0.36, 0.39, -1.73
54177, 9.30, -1.35, -2.08, 46.00, 10.17, -72.20, 1.15, -0.05, 1.59
54425, 12.95, 0.13, -2.30, 8.59, -19.92, -73.41, -0.09, -1.11, 2.47
54673, 14.67, 7.32, -1.05, 19.28, -15.23, -70.32, -0.01, 0.08, -1.02
54921, -0.30, 11.60, 1.28, 28.91, -9.13, -71.10, 0.08, 0.21, -2.17
55166, 10.35, -1.94, -1.99, 39.75, 2.70, -69.86, 0.94, -1.43, 2.20
55414, -5.25, 4.49, -1.78, -4.24, -17.09, -73.53, -0.54, -0.84, 1.18
55662, 9.31, 8.19, -1.42, 8.21, -19.56, -72.39, -0.02, 1.08, -0.87
55916, -6.19, 11.44, 0.30, 18.08, -17.54, -72.62, 0.32, 0.08, -1.85
56164, 4.79, 0.05, -4.33, 32.24, -14.62, -72.83, 1.37, -0.58, 2.07
56410, -0.38, 4.02, 0.69, -16.59, -16.78, -82.99, -0.91, -1.84, 1.02
56657, 10.70, 6.35, -1.90, -3.93, -23.18, -85.56, -0.24, -0.61, -0.93
56905, -0.89, 11.16, -1.05, 7.61, -24.70, -85.57, 0.13, 0.18, -1.61
57153, 9.52, -1.01, 1.10, 29.99, -20.01, -84.14, -1.06, -1.21, 1.21
57401, -2.04, 13.98, -0.04, -14.56, -12.74, -76.21, 0.75, 0.37, 3.62
57655, 4.09, 7.96, -2.17, -4.02, -18.17, -75.61, 0.13, 0.45, -0.68
57903, 1.74, 10.83, -0.40, 7.40, -17.66, -71.15, -0.54, -0.65, -1.91
58150, 4.85, -2.98, 2.30, 37.07, -6.88, -68.24, -1.89, -1.68, 2.53
58398, 5.75, -1.80, -1.62, 1.14, -13.88, -62.54, 0.24, -0.71, 1.20
58644, 6.69, 7.43, -3.51, 16.22, -13.93, -61.43, 0.29, 0.45, -0.71
58892, -0.42, 11.15, -0.06, 26.98, -8.97, -64.18, -0.04, -0.16, -1.76
59140, 14.55, 3.25, -3.57, 45.00, 8.36, -69.03, 0.38, 0.02, 0.51
59385, 8.61, 13.15, -5.58, 11.06, -18.42, -67.96, -0.05, -0.57, 4.31
59658, 4.94, 7.94, -4.33, 19.77, -14.79, -66.09, 0.27, 1.41, -0.89
59908, 0.76, 11.53, -1.12, 30.11, -9.44, -67.49, 0.02, -0.25, -1.69
60155, 10.17, -2.07, 1.54, 45.21, 5.86, -71.75, -0.47, -1.96, 1.93
60403, 2.16, 9.06, -2.19, 11.93, -16.98, -67.85, -0.02, -1.48, 3.31
60651, 5.83, 8.93, -3.60, 24.99, -13.12, -66.59, 0.14, 0.88, -1.13
60897, -3.99, 11.12, -3.82, 34.51, -6.11, -68.85, -0.20, -0.43, -1.47
61145, 11.47, 0.62, -0.73, 48.20, 11.72, -74.00, 0.37, -0.20, 1.76
61401, 13.38, 4.41, -3.06, 17.80, -21.75, -73.09, -0.13, -0.65, 2.25
61646, -0.86, 11.40, -3.80, 30.42, -15.59, -70.93, 0.01, 0.47, -1.02
61894, 3.38, 10.60, -1.02, 37.84, -8.97, -72.55, -0.26, -0.61, -1.39
62142, 18.38, 5.21, -4.38, 51.27, 16.79, -79.55, 0.43, 3.36, -0.86
62388, 1.43, 17.27, -6.23, 26.78, -20.75, -76.03, 0.32, 1.39, 5.00
62636, -2.48, 8.39, -3.06, 31.03, -17.80, -74.95, -0.41, -2.47, -0.73
62881, 0.72, 9.47, -2.92, 38.10, -11.06, -77.00, -0.01, -0.12, -1.24
63129, 1.23, 4.42, -6.80, 53.49, 12.28, -86.10, -0.25, -0.16, -1.97
63383, 8.44, 11.78, -3.85, 33.32, -18.40, -77.26, 0.99, 1.56, 5.00
63631, 11.82, 9.97, -3.55, 29.36, -18.97, -73.93, -0.85, -1.89, -1.61
63879, -0.03, 9.55, -1.97, 37.46, -12.22, -77.02, -0.02, -0.38, -0.95
64124, -4.59, 15.26, -7.92, 52.22, 5.90, -84.10, -0.43, -3.00, -2.87
64372, 3.47, 4.22, 1.44, 40.38, -14.24, -76.51, 0.40, 2.28, 5.00
64620, -0.41, 9.11, -5.90, 17.95, -19.06, -70.24, 2.65, 5.00, -2.40
64866, -4.67, 9.94, -1.49, 26.05, -19.34, -72.52, 0.27, -0.09, -1.11
65122, -1.21, 19.39, -6.00, 38.63, -11.39, -74.07, 0.55, -0.05, -2.94
65370, 6.95, -0.47, -2.48, 30.25, -19.41, -75.77, 2.29, 0.68, 4.53
65617, -4.60, 12.84, -7.48, -5.99, -20.59, -75.40, -1.57, 2.61, -2.43
65865, 3.17, 8.51, -0.74, 3.03, -24.70, -78.94, 0.18, 0.26, -0.82
66111, -2.31, 19.60, 0.98, 17.67, -25.14, -82.72, 0.56, 0.10, -3.21
66359, 6.93, 0.78, -1.89, 22.33, -27.00, -86.47, 1.40, 1.60, 3.96
66607, -0.13, 6.53, -0.70, -14.32, -20.23, -83.15, -0.02, 1.61, -2.91
66861, 3.78, 9.15, -1.07, -4.33, -26.18, -91.08, 0.13, -0.08, -0.95
67108, -1.67, 12.05, -0.92, 8.55, -28.12, -94.02, 0.37, -0.21, -1.92
67354, 2.26, 2.16, -0.21, 26.54, -26.89, -95.13, 0.07, 1.32, 1.78
67602, 3.06, 3.41, -3.70, -18.39, -19.37, -105.52, 0.16, 0.60, 1.55
67850, 7.59, 8.18, -4.21, -1.84, -27.21, -107.57, 0.07, 0.27, -0.96
68096, 0.02, 11.33, 0.33, 8.89, -26.95, -108.45, 0.14, -0.11, -1.75
68343, 15.85, 2.29, -4.81, 38.48, -18.82, -107.82, 1.37, 0.77, 0.08
68591, 9.04, 8.73, -6.19, -3.42, -21.65, -118.90, 0.38, 0.71, 3.76
68847, 10.24, 8.75, -2.18, 17.10, -24.50, -115.46, 0.31, 2.80, -1.05
69095, 1.21, 10.74, -0.32, 25.62, -20.40, -115.80, 0.16, 0.57, -1.82
69341, 12.63, -0.07, -0.76, 46.14, -5.57, -113.45, 1.01, -0.29, 0.92
69588, 11.47, 6.72, -4.42, 11.14, -23.98, -118.12, 0.46, -0.63, 3.63
69836, 2.35, 9.14, -2.68, 25.37, -24.70, -111.03, -0.27, 1.10, -0.99
70084, -0.38, 10.48, -2.18, 30.69, -21.31, -110.04, -0.37, -0.73, -1.29
70332, 15.38, 3.37, 0.32, 43.47, -6.23, -113.59, 0.33, 0.28, 0.45
70586, 3.34, 7.64, 5.71, 3.39, -24.16, -115.14, 1.53, -0.91, 3.58
70832, -2.62, 9.81, -0.40, 10.25, -26.24, -110.58, 0.21, 0.15, -0.48
71079, 0.98, 11.48, 0.84, 22.81, -24.14, -110.14, -0.09, 0.04, -2.26
71327, 6.74, 0.36, -4.46, 43.07, -14.57, -110.90, 1.54, -2.88, 2.60
71573, -8.10, 10.69, -1.29, -4.33, -23.74, -109.37, -1.53, -2.75, 0.68
71821, 2.04, 8.61, -3.28, 15.93, -27.49, -108.83, 0.16, 0.06, -0.87
72069, -0.34, 12.18, -0.50, 24.22, -22.70, -111.81, 0.07, -0.44, -1.52
72316, 15.71, -1.94, -0.56, 43.34, -9.70, -112.12, 0.83, -0.79, 1.21
72572, 12.97, 0.65, -0.31, -3.71, -23.43, -113.27, 0.22, -0.62, 2.20
72818, 3.60, 8.46, -1.75, 14.86, -25.97, -112.45, 0.26, 1.27, -1.02
73066, -1.33, 10.98, -0.89, 23.06, -21.88, -113.64, 0.08, -0.35, -1.50
73314, 17.33, 4.82, -1.52, 43.36, -9.56, -113.50, 0.98, 1.11, -0.25
73562, 2.88, 12.58, -3.74, -0.69, -24.73, -114.64, 0.40, 0.02, 4.26
73807, -1.26, 11.11, -4.71, 13.05, -27.51, -113.23, 0.12, 1.12, -1.17
74055, 2.09, 10.82, -1.38, 20.81, -24.63, -114.78, -0.01, -0.82, -1.22
74311, 18.49, 7.54, -4.36, 43.20, -13.94, -117.79, 0.57, 3.04, -1.16
74557, 1.24, 16.19, -7.68, 10.67, -28.08, -115.43, -0.10, 0.19, 5.00
74809, -4.44, 10.91, -4.32, 17.44, -22.19, -108.75, -0.22, 0.28, -0.86
75059, 3.24, 10.05, -2.45, 23.34, -17.01, -109.16, -0.09, -0.48, -1.42
75307, 15.70, 11.19, -8.41, 36.95, -8.20, -109.82, 0.87, 5.00, -1.72
75552, 4.66, 18.60, -6.83, 4.59, -23.22, -112.32, 0.43, 1.15, 5.00
75800, -3.49, 9.72, -3.32, 11.11, -25.14, -110.73, -0.32, -0.29, -0.93
76056, -1.22, 9.82, -1.94, 18.46, -21.40, -112.76, -0.14, -0.37, -1.42
76304, 17.43, 7.65, -9.75, 39.33, -10.00, -112.72, 0.56, 5.00, -1.75
76552, 1.27, 15.17, -1.22, 6.39, -23.78, -114.31, 0.87, 1.48, 5.00
76800, -6.95, 10.55, -1.82, 12.80, -24.95, -112.34, -0.14, -1.27, -0.84
77047, 0.54, 10.05, -2.12, 21.38, -21.48, -114.75, 0.12, -0.47, -1.18
77293, 10.66, 4.09, -11.07, 39.62, -8.59, -118.02, 0.76, 4.58, -1.91
77541, 8.29, 13.34, -1.20, 19.16, -22.92, -115.59, 0.61, 1.70, 5.00
77797, 11.52, 10.28, -2.15, 24.09, -22.70, -114.21, -0.21, -1.12, -1.25
78045, 2.19, 9.60, -1.54, 29.87, -16.50, -115.67, 0.24, 0.05, -1.11
78290, -5.20, 4.79, -3.04, 44.50, 3.80, -119.98, 0.33, 1.45, -1.89
78538, 6.29, 9.71, -0.09, 39.75, -14.88, -109.68, 0.74, 3.18, 5.00
78786, 15.95, 7.40, -2.26, 39.27, -17.79, -99.01, -0.22, -2.01, -0.89
79032, 1.74, 9.47, -0.96, 43.60, -9.94, -99.72, 0.14, 0.06, -1.11
79280, -2.52, 10.31, -3.16, 52.66, 11.69, -103.73, 0.29, -0.02, -2.51
79527, 6.91, 3.71, -2.73, 46.92, -7.25, -88.18, 1.01, 2.17, 5.00
79783, 19.60, 5.43, -3.82, 31.25, -17.26, -76.91, 0.10, 1.88, -1.77
80029, -0.40, 9.84, -1.11, 37.75, -10.04, -78.95, 0.07, -0.59, -0.82
80277, -2.24, 9.64, -6.85, 50.50, 9.32, -83.72, -0.19, -0.36, -2.66
80525, 5.45, 3.92, 0.83, 36.35, -12.47, -75.71, 0.70, 1.56, 5.00
80771, 14.71, 6.09, -4.57, 18.93, -18.06, -70.30, 1.14, 2.64, -1.25
81018, -0.66, 9.73, -1.90, 27.77, -13.36, -70.43, -0.03, 0.25, -1.22
81266, -3.60, 19.60, 3.61, 40.06, -1.48, -74.50, -0.10, -3.52, -3.31
81520, 5.65, 0.55, -1.78, 33.51, -9.56, -72.23, 1.31, 1.25, 5.00
81766, 12.94, -7.99, 4.02, 8.86, -14.75, -68.01, 2.69, 5.00, -4.48
82014, 0.96, 9.26, -1.70, 17.63, -14.75, -68.90, -0.05, -0.85, -0.63
82262, 4.09, 19.60, 0.85, 30.74, -8.62, -73.93, -0.25, -1.73, -3.20
82507, 7.28, -1.79, -2.84, 30.96, -13.31, -71.16, 2.08, 0.18, 4.45
82755, -6.04, 19.60, 13.77, -2.47, -18.31, -70.80, 2.11, 1.82, -1.38
83003, 1.81, 9.39, -0.62, 6.72, -22.70, -76.29, 0.08, 0.03, -0.92
83249, -3.08, 19.60, -2.90, 21.92, -22.95, -78.69, 0.35, -0.91, -3.25
83505, 6.53, -2.32, -0.79, 18.91, -25.94, -82.61, 0.74, -1.08, 5.00
83752, -19.60, 19.60, 19.60, -14.34, -16.14, -77.36, -1.83, -2.84, 1.51
84000, 2.55, 9.09, -2.13, -3.51, -23.03, -83.57, -0.20, -0.70, -0.72
84246, -1.82, 11.95, -4.92, 10.04, -23.59, -80.74, -0.41, -0.10, -2.50
84494, 3.21, -1.91, 1.69, 25.55, -18.81, -78.27, -1.41, 0.47, 4.06
84742, -6.05, 18.59, -19.60, -5.96, -9.95, -65.13, -1.38, 1.84, -1.50
84987, -2.89, 9.09, -2.76, 3.73, -14.12, -64.21, 0.23, -0.09, -1.15
85243, -2.55, 12.09, 1.56, 20.37, -11.17, -63.05, -0.39, -0.64, -2.59
85489, 12.62, 1.41, -3.41, 38.06, -4.27, -64.69, -1.16, 1.33, 4.34
85737, -6.02, 11.64, -3.43, 12.20, -14.98, -63.65, -0.54, -0.49, -3.58
85985, 2.68, 9.66, -2.09, 20.97, -13.59, -64.12, 0.17, -1.29, -0.65
86233, -2.72, 12.12, 0.53, 33.51, -6.68, -67.30, -0.11, -0.35, -2.72
86478, 6.49, -1.08, -2.50, 42.06, -1.32, -69.92, 0.32, -0.99, 4.15
86726, 1.71, 7.75, 0.52, 14.73, -16.40, -66.18, 0.04, 0.96, -3.89
86982, 0.49, 9.33, -2.41, 21.97, -14.92, -67.44, 0.28, -0.05, -1.07
87228, -3.85, 12.12, 0.41, 33.43, -7.75, -68.71, 0.19, 0.45, -2.67
87476, 2.05, -1.17, 0.61, 47.37, 2.40, -75.71, -0.73, 0.87, 3.76
87721, -0.81, 12.98, -5.40, 19.20, -16.41, -68.14, -0.88, -1.56, -3.43
87969, -4.37, 10.46, -2.30, 29.74, -12.54, -69.00, -0.12, -1.16, -0.60
88217, -2.08, 11.00, -0.69, 40.32, -3.07, -71.86, 0.03, 0.15, -2.60
88463, 4.35, 1.83, 0.57, 52.40, 10.11, -80.93, -1.36, -0.49, 3.57
88711, -0.87, 14.07, -5.68, 24.12, -20.87, -74.16, -0.40, -2.81, -2.94
88971, 0.66, 9.49, -2.08, 35.79, -12.96, -73.98, -0.01, -0.51, -0.69
89225, -3.31, 13.83, -8.46, 45.59, -1.51, -77.54, -0.10, 0.04, -2.64
89477, 4.56, -0.39, -1.68, 53.16, 6.94, -83.59, 0.13, -0.74, 3.87
89731, -1.66, 19.60, -5.94, 24.03, -21.10, -77.23, -2.83, 2.33, -2.76
89987, -0.00, 9.72, -0.87, 35.63, -15.46, -77.99, 0.41, -0.11, -1.07
90238, -3.96, 18.58, 1.04, 45.81, -2.00, -79.60, 0.51, 0.92, -3.28
90490, 6.59, -1.30, -0.12, 47.95, 0.51, -77.90, 0.40, 0.57, 4.75
90753, -19.60, 19.60, 19.60, 20.08, -18.30, -68.55, -3.14, -3.00, 1.72
90998, 4.33, 9.00, -1.11, 30.96, -14.82, -72.23, 0.31, 0.09, -1.07
91246, -7.22, 17.10, -6.92, 42.31, -4.59, -75.81, 0.39, 0.26, -2.79
91492, 4.08, -2.02, -1.49, 48.82, 3.04, -76.12, 0.53, -0.02, 3.93
91740, -1.83, 8.45, 0.60, 11.62, -22.33, -71.60, 0.31, 1.77, -3.69
91985, 4.58, 8.75, -1.83, 19.91, -20.75, -70.89, 0.32, 0.07, -0.88
92233, 1.17, 16.78, -0.45, 31.18, -17.77, -74.63, 1.25, 1.30, -2.94
92481, 10.62, -1.83, -7.23, 32.24, -18.82, -76.16, 2.53, -0.15, 2.98
92735, 0.97, 7.55, 2.79, -13.29, -22.01, -83.98, -0.41, 0.64, -3.59
92983, -4.33, 10.08, -2.23, -1.20, -26.69, -89.30, 0.17, -0.22, -0.67
93229, 0.86, 17.79, 0.95, 14.02, -27.61, -92.11, 0.62, 0.60, -2.94
93476, 7.02, -0.72, -4.34, 24.58, -28.68, -96.52, 1.87, -0.12, 3.71
93724, 3.24, 6.83, -0.19, -17.54, -21.53, -100.80, -0.39, 1.50, -3.75
93972, -2.77, 9.80, -1.84, -1.20, -27.57, -104.60, -0.03, -0.43, -0.72
94220, -3.92, 12.06, 0.59, 13.23, -27.40, -105.76, 0.52, 0.56, -2.43
94474, 5.93, 0.68, -3.83, 33.78, -23.03, -108.97, 1.00, -0.08, 3.03
94722, -6.69, 14.36, -3.49, -14.48, -20.97, -108.84, -1.22, -1.63, -2.05
94969, 10.08, 8.41, -3.33, 10.87, -26.64, -111.06, 0.07, -0.01, -1.04
95217, -2.30, 13.18, 0.14, 19.79, -24.47, -110.68, 0.04, -0.16, -1.81
95465, 12.13, -1.05, -1.84, 38.19, -17.96, -111.09, -0.10, -1.03, 2.79
95713, 0.41, 2.80, 1.11, -11.49, -18.27, -117.09, -0.07, -0.66, 1.43
95959, -4.04, 13.45, -1.49, 14.09, -25.42, -116.35, -0.82, -1.95, -0.89
96215, 3.20, 11.44, 0.04, 23.09, -21.10, -117.06, 0.09, -0.26, -1.31
96462, 14.01, 5.69, -8.37, 44.56, -4.03, -116.57, 0.44, 4.31, -1.99
96708, 3.67, 14.54, -4.53, 17.20, -25.46, -113.90, 0.51, 1.30, 5.00
96956, 0.53, 8.22, -3.18, 19.54, -25.69, -113.33, -0.62, -3.06, -0.66
97204, 4.07, 10.59, -1.85, 26.59, -20.97, -113.29, -0.11, -0.57, -1.33
97452, 11.71, 5.50, 0.27, 41.54, -8.42, -118.88, -0.60, -0.37, -0.14
97697, 3.78, 14.96, -3.63, 5.90, -26.34, -111.93, 1.06, 0.81, 5.00
97953, -5.20, 12.17, -5.53, 10.86, -27.24, -109.97, -0.06, 0.18, -0.79
98201, 0.85, 10.66, -1.18, 19.10, -24.23, -111.74, 0.02, -0.24, -1.37
98449, 6.01, 7.28, -10.97, 39.42, -10.89, -114.83, 0.57, 5.00, -1.10
98957, -0.32, 9.87, -3.37, 17.04, -26.00, -112.96, -0.35, -0.75, -0.93
99235, -0.88, 10.27, -2.30, 26.62, -21.24, -112.89, -0.03, 0.06, -1.86
99483, 10.61, -4.28, 0.50, 42.97, -9.62, -115.76, 0.36, -1.58, 1.76
99729, 8.81, 2.28, 0.37, -4.41, -24.20, -115.93, -0.02, -0.96, 2.33
99977, 0.47, 9.87, -2.38, 14.38, -29.07, -115.51, 0.29, 1.08, -1.00
100231, -0.72, 10.38, -3.78, 24.35, -25.36, -117.93, -0.12, -0.38, -1.40
100478, 17.40, 4.01, -0.23, 50.76, -11.72, -123.87, 0.38, 0.18, -0.00
100726, 3.72, 17.30, -7.80, 12.76, -19.57, -109.25, 0.84, 1.62, 4.38
100974, -5.05, 11.74, -4.22, 14.38, -18.68, -108.30, 0.18, 0.81, -1.02
101220, 0.09, 10.97, -0.96, 19.86, -16.02, -109.70, -0.02, -0.61, -1.34
101468, 19.60, 7.66, -9.18, 38.50, -7.70, -111.90, 0.34, 5.00, -1.57
101715, 4.70, 15.90, -4.50, 6.39, -23.69, -113.56, 0.46, 0.91, 5.00
101969, -0.63, 8.65, -2.61, 14.22, -25.14, -110.46, -0.36, -0.69, -0.89
102217, -0.12, 10.20, -0.59, 22.42, -20.89, -111.15, 0.12, -0.45, -1.48
102465, 18.93, 9.05, -8.52, 41.93, -8.23, -112.57, 0.68, 4.46, -1.62
102713, 3.80, 13.29, -2.40, 10.30, -23.59, -115.48, 0.68, 0.48, 5.00
102959, -9.21, 11.31, -3.76, 16.33, -24.26, -112.70, -0.18, -0.45, -0.80
103206, 0.64, 10.28, -0.74, 23.11, -20.05, -114.92, 0.14, -0.30, -1.36
103454, 15.38, 3.00, -10.68, 44.46, -2.88, -114.05, 1.53, 4.69, -1.77
103708, 0.75, 13.57, -3.66, 23.81, -20.52, -116.52, 0.32, 2.71, 5.00
103956, -0.48, 8.16, -0.52, 30.81, -19.94, -112.17, -0.49, -2.50, -0.74
104204, 2.75, 10.33, -1.90, 37.59, -12.25, -113.15, 0.38, -0.26, -1.12
104452, 14.83, 6.97, -12.55, 49.66, 12.73, -111.08, 1.61, 5.00, -2.21
104697, 1.32, 13.26, -1.81, 39.81, -16.78, -103.14, 0.82, 3.31, 5.00
104947, -0.18, 9.69, -2.11, 40.30, -16.44, -94.67, -0.47, -1.32, -0.73
105197, -1.76, 10.34, -1.68, 46.42, -6.99, -96.90, 0.33, -0.16, -1.17
105453, 19.24, 2.56, -5.13, 51.43, 16.98, -83.34, 1.58, 1.21, -0.68
105701, 13.73, 13.69, -4.13, 24.67, -22.39, -81.41, 1.17, 0.79, 4.08
105949, 3.41, 9.12, -1.86, 32.04, -16.28, -77.93, 0.45, 2.08, -0.99
106194, -2.22, 11.83, -0.66, 39.30, -9.11, -80.37, 0.49, 0.16, -1.68
106442, 15.00, -3.16, -2.36, 43.44, 8.32, -70.75, 1.39, -0.03, 0.97
106690, 12.61, 2.83, -5.21, 6.96, -18.85, -71.67, -0.64, -1.25, 3.18
106938, 2.56, 9.51, -1.57, 17.48, -15.21, -68.65, 0.20, 1.22, -0.84
107184, -0.05, 12.82, 0.27, 26.02, -11.08, -70.29, 0.14, -0.20, -1.68
107440, 11.79, -2.37, -0.91, 38.57, 1.74, -69.60, 0.78, -0.68, 1.05
107685, 19.60, -3.26, -2.38, -2.40, -19.95, -76.63, 0.91, -0.18, 2.02
107933, 9.56, 8.46, -0.96, 9.18, -18.66, -71.25, 0.07, 0.30, -0.70
108181, -1.72, 11.38, 1.68, 19.57, -17.55, -72.11, 0.39, 0.37, -2.07
108427, 7.39, -0.37, -4.54, 32.53, -12.58, -71.67, 1.36, -0.33, 1.44
108675, 0.55, 3.45, -0.17, -14.54, -16.28, -77.92, -1.12, -1.15, 0.97
108922, 10.08, 6.75, -1.27, -2.73, -22.60, -79.99, -0.00, -0.60, -0.79
109178, -0.05, 11.65, -0.03, 10.07, -23.85, -82.78, 0.48, 0.26, -1.98
109426, 7.13, -1.57, -1.38, 29.04, -20.87, -82.46, -0.28, -0.78, 2.50
109672, 4.20, -0.54, -2.54, -19.79, -11.15, -82.56, 0.42, -0.35, -1.14
109920, 2.61, 9.09, -3.97, -5.06, -20.33, -81.61, -0.62, -0.71, -0.67
110168, -1.34, 10.21, -3.80, 2.22, -18.05, -74.92, -0.61, -1.04, -0.72
110415, 7.02, 4.23, 0.56, 34.38, -5.35, -70.01, -1.57, -0.15, 1.09
110661, 0.03, 10.36, -2.82, 4.69, -13.12, -63.39, 0.72, -1.54, 3.29
110917, 1.16, 9.17, -5.21, 16.92, -12.57, -62.83, 0.57, 1.05, -0.41
111163, 3.56, 9.62, -0.78, 27.67, -8.94, -65.96, -0.02, -0.14, -1.91
111411, 12.65, 1.13, -2.31, 42.08, 5.47, -67.64, 1.08, -0.03, 0.94
111659, 9.35, 2.72, -0.22, 3.17, -19.86, -71.32, 0.20, -2.53, 2.80
111904, 5.17, 10.05, -1.98, 16.46, -17.86, -68.02, 0.09, 1.08, -0.90
112152, -0.07, 10.81, -1.39, 23.91, -14.12, -68.75, 0.04, 0.28, -1.61
112400, 15.89, 5.27, -3.56, 39.16, 1.53, -67.90, 0.65, 1.87, -0.03
112656, 6.91, 8.64, -6.18, 5.03, -16.90, -67.42, -0.35, -2.16, 3.95
112904, 2.92, 9.45, -2.95, 15.81, -14.40, -63.97, 0.20, 0.22, -0.74
113149, 0.53, 8.81, -2.68, 24.47, -10.33, -65.08, -0.14, 0.15, -1.42
113397, 12.24, 5.72, -2.28, 42.52, 6.90, -70.08, 1.67, 3.66, 0.44
113645, 5.68, 6.39, -1.13, 4.63, -22.04, -73.95, 0.90, -0.26, 4.11
113891, 13.17, 8.31, -9.98, 13.26, -17.67, -68.39, -0.90, 0.25, -0.87
114139, 2.76, 8.73, -2.36, 26.22, -12.89, -68.20, -0.24, 0.03, -1.60
114386, -4.09, 6.08, 0.39, 49.46, 6.84, -78.53, -1.49, -4.48, -1.70
114640, 7.48, 10.18, -2.49, 33.40, -13.86, -70.96, -0.74, -0.14, 5.00
114888, 13.10, 6.60, -3.29, 27.99, -15.65, -69.86, -0.10, -3.09, -1.17
115136, 4.31, 9.12, -3.51, 38.12, -8.52, -73.25, -0.18, -0.54, -1.28
115384, -10.08, 6.95, -7.71, 52.89, 13.29, -85.12, -1.42, -0.74, -2.06
115632, 7.45, 7.94, -2.95, 39.54, -14.72, -78.84, 0.34, 0.62, 5.00
115877, 19.60, 7.91, -3.19, 30.52, -19.67, -75.26, -0.39, -0.97, -2.20
116125, 2.13, 9.27, -1.63, 40.13, -10.90, -79.82, -0.03, -0.52, -1.08
116381, -6.14, 8.63, -1.11, 53.86, 11.40, -91.03, -0.91, -2.28, -2.47
116629, 8.26, 8.81, -0.48, 38.28, -16.19, -79.80, 1.00, 2.47, 5.00
116877, 10.05, 1.72, -0.06, 25.34, -20.33, -74.51, 1.56, 2.74, -1.07
117123, 2.20, 9.47, -1.56, 34.04, -11.78, -75.01, 0.09, -0.24, -1.06
117370, -4.77, 10.41, -4.13, 51.34, 3.43, -81.07, 1.07, 1.17, -3.09
117618, 4.37, 5.60, -2.58, 22.60, -24.58, -76.48, 1.17, 3.13, 5.00
117864, 5.26, 6.45, -14.20, -0.06, -23.82, -74.88, 0.38, 3.14, -1.97
118112, -0.19, 9.69, -1.10, 7.59, -25.27, -78.44, 0.36, 0.53, -1.13
118355, -4.26, 16.13, -10.33, 29.03, -23.36, -86.31, 1.16, -1.54, -3.50
118603, 3.55, -1.28, 0.19, 15.01, -29.70, -92.63, 1.14, 0.21, 5.00
118865, 12.09, 6.25, -13.77, -10.63, -25.62, -97.41, -0.03, 3.20, -3.70
119113, 1.10, 9.61, -1.03, 0.64, -27.62, -100.31, 0.05, -0.13, -1.14
119361, -5.09, 19.60, -0.11, 23.17, -26.25, -105.25, 0.62, -2.51, -3.77
119607, 7.48, -3.16, -0.57, 17.23, -27.29, -111.94, 1.27, -0.35, 5.00
119855, 14.09, -0.82, -4.22, -5.92, -25.20, -112.12, 0.87, 4.32, -4.10
120137, 4.30, 8.77, -2.53, 11.77, -26.70, -113.05, -0.03, 0.28, -1.02
120383, -2.53, 18.14, -4.42, 30.47, -19.57, -116.21, -0.15, -2.20, -3.57
120631, 7.38, 1.75, 1.57, 24.33, -24.98, -114.12, 0.49, 1.50, 5.00
120879, 3.95, -9.25, -19.60, -0.13, -26.73, -109.40, 1.75, 3.85, -3.66
121124, 1.62, 9.00, -1.87, 15.32, -27.52, -110.22, 0.01, -0.74, -0.86
121372, 3.74, 19.60, 0.34, 31.41, -20.91, -112.41, 0.05, -0.59, -3.30
121620, 7.00, -1.28, -0.87, 29.80, -23.47, -112.70, 0.10, -0.01, 5.00
121876, -5.74, 9.18, -2.30, -3.55, -25.05, -108.23, 2.95, 5.00, -2.02
122122, 4.20, 8.76, -0.85, 16.53, -24.93, -112.61, 0.05, -0.62, -1.02
122370, 5.04, 19.60, -3.14, 33.89, -18.23, -113.69, -0.10, -0.34, -3.46
122617, 6.39, -0.48, -0.15, 32.48, -20.64, -113.78, 0.12, 1.04, 5.00
122865, -6.67, 10.49, -3.34, -0.85, -26.48, -107.26, 2.52, 5.00, -2.77
123113, 1.92, 9.37, -1.52, 19.10, -25.23, -111.75, 0.02, -1.04, -0.82
123359, 5.71, 19.60, -4.96, 36.28, -16.02, -112.93, -0.23, -0.30, -3.49
123615, 7.56, 0.71, -1.10, 31.45, -21.75, -112.45, 0.15, 2.68, 5.00
123863, -0.69, 8.26, -0.88, -0.92, -25.37, -110.46, 3.28, 2.26, -1.86
124108, 0.03, 9.98, -1.17, 16.68, -25.39, -112.99, 0.15, -0.82, -0.86
124356, 3.88, 19.60, -3.47, 34.32, -16.25, -113.48, -0.10, 0.08, -3.64
124604, 6.73, -0.29, -0.85, 33.48, -20.42, -114.28, 0.30, 1.37, 5.00
124852, -6.73, 10.69, -3.01, -1.33, -26.75, -108.23, 3.38, 5.00, -1.55
125100, 5.18, 8.71, -2.61, 20.11, -26.98, -111.52, 0.02, -0.59, -0.72
125356, 4.91, 19.60, -0.31, 33.86, -19.50, -113.43, -0.22, -0.43, -3.76
125601, 3.75, -0.51, 0.48, 30.85, -29.41, -123.03, -0.62, 0.85, 5.00
125849, 10.80, -2.74, -7.12, 13.93, -25.65, -113.69, 2.71, 5.00, -4.70
126097, 0.73, 9.61, -2.44, 27.19, -14.13, -110.03, -0.23, -0.99, -0.83
126345, 2.06, 19.60, -0.23, 29.00, -5.13, -110.04, -0.53, -3.96, -3.32
126593, 5.67, 0.48, 0.24, 25.90, -21.53, -112.47, 0.14, 1.40, 5.00
126838, 14.62, -0.63, -6.85, 5.80, -25.23, -113.14, 0.46, 3.42, -4.50
127094, -4.19, 9.80, -2.16, 16.91, -23.50, -112.60, -0.20, -0.57, -0.96
127342, -2.63, 19.60, -7.63, 35.91, -13.40, -115.95, -0.66, -4.81, -3.35
127588, 4.88, 0.00, -0.20, 26.10, -21.76, -114.85, 0.77, 1.22, 5.00
127836, 6.76, 0.50, -4.82, 11.93, -25.36, -112.23, 2.18, 4.07, -2.08
128083, 1.37, 9.29, -1.53, 22.98, -21.34, -114.24, 0.09, -0.54, -0.97
128331, -5.38, 16.38, -9.93, 38.35, -8.05, -119.53, 0.06, -3.56, -3.27
128579, 5.67, 0.88, -0.46, 33.56, -17.16, -115.97, 1.04, 1.46, 5.00
128825, 4.67, 1.36, -7.45, 21.78, -23.75, -111.78, 1.53, 3.99, -1.93
129081, 2.93, 9.35, -1.52, 31.54, -17.22, -113.69, 0.13, -0.19, -1.05
129329, -4.68, 10.26, -5.15, 43.45, 1.29, -120.27, -0.36, -1.49, -2.53
129576, 3.89, 4.79, -0.14, 38.34, -14.59, -111.78, 0.34, 2.02, 5.00
129822, 9.25, 1.42, -7.89, 35.68, -19.38, -99.81, 1.01, 2.33, -1.04
130070, 4.46, 8.73, -0.65, 42.22, -11.94, -101.64, 0.54, 0.48, -1.37
130318, -6.72, 12.24, -10.33, 51.84, 11.09, -105.93, 0.22, -1.93, -2.76
130566, 6.16, -1.27, -2.19, 46.05, -8.13, -88.00, 0.80, 0.84, 5.00
130820, 16.04, 5.24, -11.57, 30.06, -18.30, -76.12, -0.65, 2.36, -4.20
131067, 4.31, 10.53, -2.91, 36.31, -10.26, -74.74, -0.01, -0.74, -0.74
131315, -5.77, 19.60, 1.00, 47.14, 4.40, -78.52, 0.05, -2.32, -3.53
131563, 4.70, -2.12, -1.17, 39.43, -8.16, -74.32, 1.22, -0.56, 5.00
131809, 14.79, -7.33, 1.50, 16.53, -18.14, -71.19, 1.43, 3.00, -4.59
132057, -0.25, 9.47, -0.07, 26.91, -13.68, -71.75, -0.18, -0.85, -0.82
132304, -1.70, 19.60, -0.25, 39.39, -3.13, -73.02, -0.14, -1.82, -3.64
132560, 7.09, -0.28, -1.19, 31.63, -11.21, -71.85, 1.28, 0.72, 5.00
132806, 15.50, -9.56, 5.74, 5.54, -15.67, -69.88, 2.10, 4.67, -4.63
133054, 2.94, 8.90, -0.86, 15.73, -16.50, -70.91, 0.17, -0.37, -1.06
133302, -0.44, 19.60, -0.25, 29.68, -11.72, -72.65, 0.06, -1.30, -3.44
133550, 9.96, -2.12, -2.94, 24.90, -17.92, -72.24, 2.05, 0.19, 4.82
133795, -2.51, 6.20, -0.14, -7.25, -17.01, -72.33, 2.17, 3.86, -2.91
134043, 0.96, 9.07, -0.82, 3.49, -23.14, -77.65, 0.22, -0.21, -0.97
134291, -8.05, 19.60, -3.02, 22.84, -23.27, -82.30, 0.61, -0.51, -3.37
134549, 7.26, -1.37, -1.01, 15.29, -25.69, -83.10, 0.39, -1.02, 5.00
134799, 11.47, -8.30, -17.99, -15.08, -13.05, -77.67, 4.25, 5.00, -3.52
135047, -0.84, 9.00, -3.66, -3.60, -21.95, -81.39, -0.28, -0.32, -0.84
135292, 7.85, 19.60, -3.11, 15.89, -20.78, -77.49, -1.38, -1.69, -3.27
135540, 4.08, 2.01, -1.19, 22.58, -16.18, -69.42, -1.36, 3.67, 5.00
135788, 16.63, 12.00, 3.50, 1.23, -12.10, -61.41, 0.64, -0.11, -3.72
136036, -1.68, 9.23, -4.57, 11.93, -12.55, -61.87, -0.13, -1.13, -0.70
136292, 6.39, 19.60, 1.29, 33.73, -3.29, -63.71, -1.52, -5.00, -3.20
136540, 6.02, 1.87, -0.17, 30.08, -10.70, -65.78, -0.48, 1.17, 5.00
136785, 0.60, 8.81, 3.50, 15.70, -14.81, -62.79, 1.67, -0.09, -1.57
137033, 0.77, 9.78, -2.33, 26.31, -11.17, -65.70, 0.03, -1.07, -0.94
137281, 1.10, 17.90, -6.77, 43.63, 2.13, -70.67, -1.70, -5.00, -3.30
137529, 7.08, 0.94, -0.08, 34.86, -9.89, -69.34, 0.50, 1.65, 5.00
137775, 10.57, 3.41, -5.97, 15.59, -16.46, -66.22, 1.19, 2.99, -2.39
138031, 2.14, 8.13, -2.92, 25.67, -12.17, -68.78, -0.07, -0.54, -1.10
138278, -2.82, 11.18, -9.05, 45.43, 4.65, -76.06, -1.49, -3.78, -2.86
138524, 9.21, 5.98, -1.32, 31.57, -13.05, -70.74, -0.16, 1.74, 5.00
138772, 6.49, 3.64, -3.78, 19.99, -16.47, -66.90, 1.25, 1.52, -1.25
139020, 3.86, 8.94, -2.97, 30.90, -10.11, -68.36, -0.22, -0.36, -1.17
139268, -2.49, 12.79, -10.51, 49.31, 8.65, -78.00, -1.78, -5.00, -2.86
139515, 7.42, 7.26, -0.40, 39.16, -12.44, -74.13, -0.13, 1.08, 5.00
139771, 9.62, 10.26, 0.23, 27.95, -18.49, -72.11, 0.30, -0.05, -0.94
140017, -2.63, 9.39, -3.24, 38.42, -11.75, -75.55, -0.08, -0.22, -1.09
140265, 2.70, 19.60, -4.98, 51.86, 9.02, -81.23, -1.12, -4.56, -3.28
140513, 6.49, 1.56, -0.28, 48.66, -4.25, -81.29, 0.37, 1.67, 5.00
140761, 19.14, 2.44, -1.80, 27.19, -21.60, -77.59, 0.19, 2.60, -3.91
141006, 0.93, 9.55, -1.89, 37.33, -14.15, -77.81, -0.13, -0.75, -0.81
141254, 1.59, 16.87, -1.71, 47.62, 1.01, -79.42, 0.27, 0.65, -3.41
141502, 7.52, 1.40, -2.44, 50.42, 1.67, -78.37, 1.31, 1.18, 4.40
141756, -4.18, 19.60, 19.13, 18.81, -20.64, -72.87, -2.74, -1.69, 0.04
142004, 1.21, 9.31, -1.56, 28.22, -16.35, -72.45, 0.16, 0.00, -0.80
142252, -1.11, 11.42, -1.24, 38.88, -8.18, -73.43, 0.38, 0.72, -2.69
142497, 5.06, -1.12, -4.44, 44.05, -2.88, -70.10, 1.82, -0.44, 3.63
142745, 2.56, 9.79, -0.56, 1.32, -20.68, -68.90, -0.05, -0.01, -2.48
142993, -5.15, 9.98, -3.07, 9.87, -21.91, -72.14, 0.25, -0.51, -0.68
143241, -0.26, 14.20, -8.40, 23.62, -21.70, -74.93, 0.45, 0.91, -2.90
143497, 8.42, -1.21, -5.78, 27.00, -24.04, -80.77, 2.64, -0.37, 3.82
143742, 8.92, 8.59, -2.96, -16.28, -21.02, -88.38, -0.64, 0.26, -2.86
143990, -0.96, 10.17, -1.21, -3.49, -27.02, -92.21, -0.06, -1.21, -0.81
144238, 0.05, 12.56, -7.32, 12.10, -28.98, -96.08, 0.48, 0.65, -2.58
144486, 6.17, -0.39, -4.63, 29.26, -26.48, -99.68, 0.75, -0.53, 2.84
144734, -7.95, 13.86, -4.81, -18.36, -20.62, -104.85, -1.15, -1.86, -1.54
144982, 0.23, 9.19, -3.98, 1.17, -27.10, -109.40, -0.02, -0.81, -0.84
145235, -2.14, 11.32, 0.46, 14.79, -26.91, -109.82, 0.31, 0.45, -2.13
145483, 6.81, -0.69, -2.16, 37.08, -19.50, -110.27, 0.65, -0.30, 2.11
145731, -3.32, 6.06, -7.17, -9.65, -21.82, -112.39, -1.98, -2.74, 0.31
145979, 10.51, 6.60, -2.17, 8.89, -26.83, -112.16, -0.00, -0.98, -0.73
146225, 0.14, 10.48, -2.04, 20.24, -24.14, -113.07, 0.29, 0.01, -1.80
146472, 12.42, -0.67, 0.12, 44.64, -11.46, -112.17, 0.88, -0.12, 0.87
146720, 16.21, 0.34, -3.10, 1.91, -24.14, -116.50, -0.27, -2.74, 3.50
146982, 4.76, 8.66, -2.95, 15.42, -26.19, -112.32, -0.36, -1.67, -0.79
147234, -3.18, 12.02, 0.51, 26.06, -20.68, -114.57, 0.43, 0.39, -2.44
147486, -0.70, 2.10, 2.65, 40.81, -13.23, -117.07, 0.03, -1.38, 3.65
147738, -0.20, 8.06, 0.59, -1.20, -26.47, -108.59, -0.01, 0.40, -1.33
147992, 3.52, 9.38, -2.78, 19.18, -27.05, -109.75, 0.21, -0.14, -0.78
148244, -2.81, 12.82, 0.21, 30.72, -19.91, -111.56, 0.18, -0.11, -2.63
148498, 5.25, -0.92, -1.86, 39.59, -14.91, -113.94, 0.01, 0.45, 4.24
148750, -1.15, 5.03, 3.21, -1.72, -26.18, -109.28, 0.27, 0.21, -3.84
149010, -0.59, 9.90, -1.42, 19.16, -26.50, -110.44, 0.10, -0.61, -0.59
149258, -1.97, 13.63, 0.97, 31.10, -20.17, -111.93, -0.23, -0.07, -3.05
149508, 1.46, -0.01, -2.08, 33.89, -18.17, -116.63, 0.38, 3.65, 4.14
149757, -6.80, 18.50, -19.60, -2.41, -25.02, -110.10, -3.18, 4.43, -3.25
150005, 0.51, 9.12, -1.20, 17.00, -26.62, -112.15, 0.21, -0.42, -0.78
150253, 1.19, 11.39, -3.43, 27.78, -20.97, -114.12, 0.18, 0.12, -2.61
150499, 3.22, 1.81, -1.09, 36.79, -17.25, -117.22, -0.47, 0.17, 2.91
150755, -3.68, 9.67, 0.75, -5.74, -26.44, -113.43, -0.11, -1.16, -3.12
151003, -0.70, 9.09, -2.74, 15.55, -29.09, -115.55, 0.13, -1.05, -0.88
151250, -3.20, 11.87, -0.29, 27.95, -22.67, -120.07, 0.25, 0.05, -2.50
151498, 3.89, 1.80, -1.94, 42.65, -8.17, -117.66, -0.24, -0.51, 2.99
151746, -5.68, 11.70, -2.49, 0.18, -21.86, -109.81, -1.12, -2.18, -2.37
151994, 0.25, 8.68, -3.64, 17.51, -21.08, -110.71, 0.03, -0.66, -0.61
152242, -2.07, 12.09, -3.96, 28.38, -16.40, -112.89, 0.37, 0.22, -2.84
152498, 4.84, -0.26, -1.78, 38.47, -13.46, -115.36, 0.30, -0.03, 3.78
152745, -2.03, 6.23, 2.08, 1.71, -24.79, -109.78, 0.29, -0.06, -3.48
152991, -1.51, 9.47, -2.12, 22.38, -23.08, -110.25, 0.09, -0.11, -1.19
153239, -1.55, 12.04, -1.73, 31.35, -17.42, -112.42, -0.17, 0.34, -2.50
153487, 0.57, 0.96, 1.19, 38.63, -11.71, -116.41, -0.43, 0.54, 2.80
153735, -4.47, 11.67, -5.02, -0.82, -22.74, -114.12, -1.20, -2.39, -1.51
153982, 2.48, 8.90, -2.74, 18.14, -23.63, -113.65, -0.07, -0.99, -0.71
154238, -0.67, 10.45, -0.14, 27.76, -17.87, -115.65, 0.26, 0.38, -2.15
154486, 7.40, -0.99, -3.89, 46.96, -3.90, -112.74, 1.66, -0.20, 1.79
154734, 3.10, 4.27, -1.57, 13.93, -24.69, -112.50, -0.61, 0.87, 0.08
154982, 10.11, 7.37, -2.28, 32.64, -19.41, -110.20, 0.31, 0.56, -0.76
155230, 0.86, 10.47, -0.17, 40.98, -10.44, -112.01, 0.33, 0.35, -2.15
155478, 14.92, 0.58, -5.82, 54.09, 13.53, -101.42, 1.49, 1.45, 0.12
155723, 10.82, 8.98, -7.42, 32.23, -21.88, -99.88, -0.00, -0.39, 3.28
155979, 5.22, 7.75, -1.59, 40.25, -15.10, -93.10, -0.24, -0.88, -0.64
156227, -1.40, 11.34, -0.07, 46.65, -5.50, -93.32, 0.40, 0.21, -1.54
156473, 15.69, 1.46, -4.14, 52.37, 15.99, -83.78, 0.74, 0.39, 0.30
156721, 16.98, 13.78, -5.55, 22.58, -21.54, -77.68, 0.47, 0.01, 4.34
156968, -4.16, 11.91, -3.02, 32.29, -15.20, -75.86, 0.15, 0.81, -1.01
157476, 17.92, 5.83, -7.62, 46.96, 12.16, -73.65, 1.88, 4.42, -1.28
157980, 0.71, 9.98, -1.91, 19.80, -15.30, -70.33, 0.33, 1.20, -0.97
158253, -1.77, 11.75, 0.21, 29.20, -10.61, -71.95, 0.30, 0.14, -1.94
158509, 7.96, -2.14, -0.99, 39.40, 1.61, -71.31, -0.01, -0.77, 2.06
158756, 5.60, -1.51, -3.26, -0.96, -15.70, -71.15, -0.52, -1.85, 1.26
159002, 6.95, 7.79, -1.57, 9.12, -17.96, -70.81, -0.06, -0.42, -0.71
159250, 2.61, 9.58, -1.67, 18.69, -16.50, -72.14, 0.17, 0.43, -2.16
159498, 8.98, -0.72, -3.28, 33.56, -11.33, -70.62, 0.90, -1.37, 1.65
159744, 12.42, 3.70, -10.54, -14.91, -19.91, -84.19, -0.38, -0.32, 2.35
159991, 8.53, 9.64, -1.73, -2.76, -24.86, -83.67, -0.16, 1.09, -0.97
160245, -2.35, 11.11, -0.24, 8.83, -25.91, -84.16, 0.18, -0.08, -1.24
160493, 14.14, -1.02, -1.02, 29.51, -21.63, -84.00, 0.81, -0.28, 0.94
160741, 1.66, 8.67, -2.48, -19.60, -13.77, -85.08, -0.59, -3.01, 3.36
160989, 14.86, 8.20, -4.22, -7.02, -20.90, -83.63, -0.01, 2.39, -0.84
161234, -0.25, 10.78, -2.25, 3.24, -21.03, -77.99, -0.42, -0.56, -1.54
161482, 5.16, -3.77, 2.75, 33.37, -12.50, -73.62, -2.75, -4.93, 3.14
161730, 5.24, -2.58, 1.01, -5.69, -9.73, -63.15, 0.64, -0.25, 1.03
161984, 4.03, 8.26, -6.42, 10.45, -12.36, -60.08, -0.15, 0.27, -0.88
162232, 0.96, 11.32, -3.04, 22.55, -8.93, -61.82, -0.28, -1.15, -1.39
162480, 12.70, 4.32, -2.78, 41.60, 7.18, -65.46, 1.50, 1.51, 0.49
162725, 11.09, 3.40, -2.26, 7.04, -17.83, -67.58, 1.01, 0.73, 2.81
162973, 7.06, 8.23, -2.16, 18.25, -16.24, -66.60, 0.36, 0.89, -0.95
163221, -4.60, 11.01, -3.76, 28.66, -11.30, -69.13, 0.06, -0.60, -1.47
163467, 9.58, 0.16, 0.01, 47.78, 6.83, -75.42, -0.47, -1.43, 1.66
163715, 6.80, 5.71, -2.02, 11.75, -16.47, -66.40, -0.61, -4.06, 2.80
163969, 9.70, 7.75, -4.06, 22.87, -13.77, -66.41, 0.20, 0.06, -0.69
164216, 0.90, 11.08, -1.36, 34.05, -8.27, -68.56, 0.13, -0.09, -2.15
164462, 4.49, -2.77, 1.31, 49.78, 9.92, -78.98, -1.09, -1.36, 1.92
164710, -5.50, -0.33, 7.49, 19.50, -19.00, -71.44, 0.55, -0.64, 1.07
164960, 6.35, 8.39, -3.73, 32.01, -13.27, -71.22, 0.24, 0.11, -0.91
165210, -1.12, 12.51, -0.86, 42.18, -4.27, -75.56, 0.27, -0.17, -1.97
165457, 4.72, -2.89, 0.27, 52.84, 12.91, -83.12, -0.93, -0.94, 2.01
165711, 3.81, 0.17, -4.01, 20.56, -22.54, -75.46, -0.75, 0.32, -0.28
165959, 6.39, 8.85, -2.85, 33.70, -14.75, -73.75, 0.00, 0.05, -0.81
166207, 0.66, 12.05, 0.22, 41.79, -5.17, -75.62, 0.01, -0.59, -2.08
166453, 11.88, -0.84, -2.23, 50.10, 14.37, -77.36, 0.37, 0.21, 0.54
166701, 14.31, 6.92, -4.59, 21.40, -23.60, -78.90, 0.64, 1.83, 2.21
166948, 2.18, 8.68, -0.64, 33.46, -16.95, -76.47, 0.42, 1.27, -1.22
167196, -1.60, 11.22, -1.64, 40.59, -10.17, -78.98, 0.24, -0.05, -1.59
167450, 17.56, 5.48, -3.42, 50.26, 13.75, -77.32, 0.97, 1.69, -0.54
167698, 8.14, 13.96, -6.86, 18.74, -21.97, -75.69, -0.26, -0.83, 4.33
167944, -4.97, 11.86, -1.65, 27.35, -17.82, -72.80, 0.28, 1.05, -1.06
168192, 0.99, 11.12, -0.48, 35.49, -12.32, -74.44, 0.38, 0.05, -1.56
168439, 15.50, 4.47, -8.78, 45.15, 4.82, -68.62, 1.92, 4.05, -1.16
168687, 1.40, 19.08, -3.44, 1.24, -21.09, -72.22, 0.52, 4.29, 4.32
168933, 1.38, 10.48, -4.07, 5.33, -23.57, -73.53, -0.14, 0.58, -0.98
169181, -3.44, 11.00, -1.63, 14.59, -23.46, -76.73, 0.49, 0.37, -1.46
169437, 19.37, -1.93, -6.06, 32.52, -18.34, -76.82, 2.72, 1.28, 0.27
169684, 10.73, 5.74, -14.52, -17.25, -20.59, -94.43, -0.89, -1.89, 4.01
169930, 0.10, 9.43, -1.78, -6.43, -26.03, -92.79, 0.03, 1.32, -0.89
170178, 0.20, 10.92, -1.12, 3.65, -28.15, -93.47, 0.26, 0.18, -1.42
170426, 15.85, 5.86, -17.26, 30.84, -24.17, -96.92, 1.94, 5.00, -2.06
170674, 4.90, 10.97, -4.20, -3.01, -26.88, -107.94, 0.40, 2.74, 5.00
170919, 1.93, 7.13, -2.41, -0.80, -26.82, -110.44, -0.05, -1.83, -0.83
171175, 3.76, 9.79, -1.67, 7.10, -26.81, -110.55, 0.24, -0.25, -1.18
171421, -1.79, 6.44, -11.14, 32.45, -19.60, -113.99, -0.43, 1.56, -1.79
171669, 8.81, 10.82, -1.43, 12.88, -26.76, -114.54, 0.66, 2.32, 5.00
171917, 13.23, 2.63, -3.37, 8.07, -26.54, -112.60, 0.32, 1.26, -1.40
172165, 1.25, 9.32, -2.43, 15.99, -25.91, -111.98, 0.02, -0.26, -1.04
172410, 2.10, 19.60, -2.30, 35.14, -17.73, -114.37, -0.86, -4.34, -3.46
172658, 4.61, -0.16, -0.21, 25.96, -23.65, -114.06, 0.58, 0.87, 5.00
172914, 19.03, 11.44, -3.48, 5.20, -27.17, -110.99, -0.90, 1.06, -4.78
173162, 1.10, 8.67, -1.92, 19.45, -25.40, -111.63, 0.06, -0.98, -0.93
173410, 3.22, 19.60, -0.71, 35.34, -16.66, -113.87, -0.20, -1.31, -3.23
173656, 7.71, -0.32, -0.92, 33.89, -20.90, -111.93, 0.07, 2.49, 5.00
173903, 11.89, -8.09, -4.20, 2.66, -26.59, -109.08, 3.53, 5.00, -3.28
174151, 2.12, 7.97, -1.65, 19.70, -25.67, -109.78, 0.05, -0.34, -1.33
174399, 5.06, 16.33, -2.28, 35.24, -17.36, -111.71, -0.22, -0.21, -3.29
174653, 4.22, -1.39, 0.08, 33.41, -19.98, -113.49, 0.30, 0.67, 5.00
174901, 15.86, -6.78, -1.13, 1.34, -25.81, -108.86, 3.00, 5.00, -5.00
175147, 0.06, 8.42, -2.92, 17.63, -24.88, -110.76, 0.10, -0.25, -0.95
175394, 4.39, 18.86, -2.64, 35.41, -16.76, -113.31, -0.43, -0.78, -3.31
175642, 7.83, -0.09, -1.47, 35.00, -18.97, -113.80, 0.74, 1.68, 4.85
175890, 6.84, -3.42, -3.23, 1.58, -25.37, -108.78, 3.20, 5.00, -4.90
176136, 3.15, 9.01, -3.52, 20.91, -24.01, -111.27, -0.02, -1.13, -0.68
176384, 7.53, 19.03, -2.35, 36.82, -16.15, -113.15, -0.47, -0.59, -3.32
176646, 6.66, 1.00, -1.11, 28.28, -23.76, -112.92, -0.49, 1.80, 5.00
176898, 19.06, 7.17, -1.98, 3.51, -29.01, -109.05, 0.71, 2.84, -4.50
177149, -0.05, 8.42, -3.66, 16.28, -29.14, -110.27, -0.09, -0.87, -0.91
177401, 5.44, 19.60, 3.61, 34.42, -22.54, -113.80, -0.78, -4.04, -2.79
177653, 4.75, 1.95, -0.35, 31.03, -20.43, -112.77, -0.69, 1.31, 5.00
177907, 14.59, 5.81, -3.49, -2.43, -12.10, -102.10, 0.47, 2.40, -3.92
178159, -0.57, 8.62, -3.44, 2.95, -14.43, -102.81, -0.11, -1.12, -0.83
178419, 2.00, 19.60, 1.29, 18.53, -16.71, -103.74, -0.94, -3.49, -3.00
178665, 4.77, 0.72, -0.23, 15.78, -24.99, -101.17, -0.52, 2.01, 5.00
178913, 19.60, -10.75, -10.41, -9.78, -21.69, -102.29, 1.36, 5.00, -4.83
179161, 0.10, 9.52, -2.76, 3.19, -25.17, -103.20, -0.04, -0.64, -0.90
179406, 1.46, 19.60, 1.18, 21.91, -23.91, -104.93, -0.10, -1.40, -3.06
179654, 5.52, 1.04, -1.21, 21.13, -24.63, -102.50, 0.47, 1.79, 4.82
179904, -19.60, 19.60, 14.09, -10.70, -20.02, -98.38, -0.70, -1.75, -0.06
180162, -3.15, 10.28, -2.14, 3.29, -23.79, -103.79, 0.31, -0.41, -0.84
180410, 4.25, 18.17, -1.37, 21.47, -22.61, -106.39, 0.06, -0.24, -3.39
180658, 4.80, -1.10, -1.18, 24.95, -22.08, -111.77, 1.27, 0.99, 4.83
180905, 3.54, 9.62, 8.08, -4.21, -21.10, -112.06, 3.04, 5.00, -3.23
181153, 3.66, 10.83, -2.41, 16.09, -21.16, -116.28, 0.03, -0.15, -1.03
181399, 4.10, 18.90, -1.63, 31.26, -15.07, -118.47, 0.33, -0.45, -3.24
181647, 8.93, -3.60, -3.03, 41.64, -8.01, -116.71, 1.73, -0.49, 4.65
181903, -9.86, 19.60, -7.17, 19.89, -19.99, -116.76, -1.71, 3.75, -1.16
182151, -0.83, 9.26, -1.35, 30.27, -14.35, -117.47, 0.18, -0.34, -0.85
182396, -5.59, 19.60, -6.69, 43.25, 2.67, -118.42, 0.98, -0.56, -3.70
182644, 4.56, -2.22, 0.43, 46.39, -2.37, -98.98, 0.66, -0.45, 5.00
182892, -19.60, 19.60, 5.50, 27.26, -17.25, -91.10, 1.53, 3.66, -0.17
183140, 1.79, 9.29, -1.89, 38.15, -11.02, -90.85, -0.09, -0.58, -0.97
183388, -2.89, 16.07, -0.96, 46.45, 3.24, -92.60, -0.06, 0.43, -2.63
183644, 7.78, 0.62, -0.82, 53.19, 7.40, -97.25, -0.26, 0.70, 4.30
183889, 3.05, 19.60, -14.12, 28.21, -21.53, -93.63, -2.99, 2.36, -2.12
184137, 0.93, 9.54, -3.07, 39.62, -15.14, -94.46, 0.38, -0.09, -0.66
184385, -1.53, 11.81, -1.64, 48.14, -1.24, -96.01, 0.29, 0.27, -2.45
184633, 5.29, -0.26, -1.00, 53.77, 15.11, -95.79, -0.00, 1.38, 2.74
184879, 2.97, 10.07, -9.21, 24.96, -23.68, -89.30, -2.47, -3.86, -1.43
185126, 6.89, 8.88, -3.39, 40.25, -12.63, -87.36, 0.01, -0.87, -0.98
185374, -1.48, 11.65, 0.57, 47.44, -1.15, -91.26, 0.54, 0.17, -1.97
185628, 6.24, -1.51, -2.13, 53.27, 17.76, -88.03, 0.67, -0.37, 2.11
185876, 1.31, 3.95, -5.01, 22.58, -23.38, -84.00, -1.03, -1.43, 0.61
186124, 8.71, 8.69, -0.43, 34.45, -14.79, -78.92, -0.05, 0.28, -0.98
186372, 0.20, 12.29, 1.85, 42.52, -6.27, -82.65, 0.58, 0.50, -2.08
186619, 12.49, -3.00, -3.11, 46.62, 10.67, -74.03, 1.11, -0.36, 1.65
187121, 9.01, 7.76, -2.07, 21.10, -15.54, -69.48, -0.05, -0.24, -0.95
187400, -3.00, 11.20, 0.20, 32.52, -9.08, -72.64, 0.43, 0.53, -2.41
187656, 5.46, 0.00, -2.78, 38.23, -2.95, -70.81, 0.78, -0.63, 3.20
187904, -6.97, 13.72, 0.00, 0.47, -16.24, -70.62, -0.79, -1.41, -2.55
188151, -1.13, 9.47, -2.58, 10.07, -18.24, -70.96, 0.28, -0.46, -0.77
188397, -0.08, 11.01, -1.18, 20.96, -17.25, -73.14, 0.48, 0.88, -2.40
188645, 5.08, 1.31, -6.32, 30.72, -16.06, -71.51, 1.48, 0.32, 2.12
188893, 2.65, 4.12, 3.12, -15.67, -14.06, -76.12, 0.20, 3.46, -1.20
189138, 1.96, 8.65, -2.48, -2.63, -22.70, -80.72, -0.43, -0.95, -0.85
189394, -1.03, 11.75, -0.04, 10.10, -23.14, -80.23, 0.23, 0.04, -1.87
189642, 4.52, -1.31, -1.27, 30.06, -18.42, -79.54, -1.26, -1.70, 2.23
189888, 2.32, -1.09, -2.84, -17.58, -10.06, -78.06, 0.56, 1.77, -0.71
190136, 3.30, 8.75, -3.63, -3.10, -18.58, -75.36, -0.54, -1.19, -0.64
190384, -1.87, 11.37, -1.76, 7.61, -17.10, -70.96, -0.69, -1.37, -1.57
190631, 0.26, 0.20, 4.12, 40.15, -3.62, -69.07, -3.25, -2.31, 2.66
190877, 2.00, -0.81, -4.73, 2.13, -13.86, -62.88, -0.17, 0.58, 0.06
191125, 4.58, 8.90, -3.40, 16.38, -14.32, -62.20, 0.12, 0.07, -0.79
191381, -0.70, 11.01, -0.93, 27.77, -9.24, -64.81, 0.05, -0.27, -2.13
191629, 7.50, -2.34, 0.91, 45.12, 7.00, -71.03, -0.14, -1.05, 1.70
191875, 9.76, 1.17, 0.61, 7.91, -16.35, -66.21, -0.02, -0.29, 1.55
192122, 7.71, 7.80, -3.85, 19.13, -14.35, -65.40, 0.25, 1.50, -1.00
192370, -0.30, 12.28, -0.97, 30.52, -8.75, -67.35, 0.14, -0.07, -1.86
192618, 8.30, -5.07, 1.83, 46.32, 7.54, -73.27, -0.22, -1.42, 2.22
192864, 5.11, -0.44, 5.82, 12.72, -17.73, -67.11, -0.06, -1.18, 0.92
193118, 9.93, 7.79, -3.20, 25.11, -12.74, -66.12, 0.04, -0.02, -0.98
193366, 1.51, 10.38, -1.10, 36.48, -4.53, -70.26, 0.02, -0.06, -2.12
193613, 8.73, -5.22, 1.13, 50.63, 14.82, -79.55, -0.70, -2.79, 2.00
193861, 8.53, 3.92, 0.01, 20.08, -21.84, -72.99, 0.27, -0.94, 2.91
194107, 1.01, 7.90, -1.68, 32.84, -15.08, -72.27, 0.48, 1.63, -0.95
194355, -0.60, 12.07, -1.00, 40.47, -6.75, -75.97, 0.11, -0.48, -1.53
194603, 19.60, 6.25, -7.70, 50.82, 16.68, -80.37, 0.44, 4.00, -1.25
194859, 4.67, 16.31, -4.69, 22.22, -22.29, -77.58, 1.17, 1.92, 4.43
195110, -8.07, 11.58, -1.51, 33.47, -16.54, -76.31, 0.29, 0.20, -0.62
195358, 1.58, 10.28, -2.16, 40.94, -7.98, -78.57, 0.03, -0.40, -1.57
195604, 19.60, 4.06, -16.77, 52.69, 16.31, -83.76, 0.32, 5.00, -1.68
195852, 3.35, 17.29, -4.24, 26.69, -20.62, -76.18, 1.07, 2.36, 5.00
196100, -6.68, 10.39, -3.26, 30.61, -18.27, -75.23, -0.36, -1.36, -0.68
196347, 1.13, 9.76, -2.84, 37.26, -12.13, -76.91, 0.12, 0.15, -1.64
196595, 11.14, 5.00, -15.89, 50.26, 11.71, -79.14, 1.60, 5.00, -1.55
196849, 2.91, 13.45, -3.16, 15.74, -22.67, -72.43, 0.30, 2.29, 4.91
197097, 1.13, 10.01, -4.19, 17.54, -21.29, -69.69, -0.21, -0.07, -0.65
197345, 0.72, 9.78, -2.34, 25.65, -18.96, -71.50, 0.34, -0.40, -1.15
197593, 15.89, 6.54, -19.38, 39.71, -7.51, -70.86, 2.17, 5.00, -2.27
197838, 4.41, 17.21, -6.43, -3.60, -24.51, -81.23, 0.69, 4.97, 5.00
198086, -2.68, 11.24, -4.80, -2.97, -25.30, -82.02, -0.67, -1.34, -0.91
198334, -0.30, 10.14, -2.65, 7.07, -26.76, -83.92, 0.36, 0.00, -0.97
198590, 14.05, 5.98, -13.00, 31.70, -20.93, -87.46, 1.94, 5.00, -1.98
198838, 4.95, 13.42, -2.49, -9.63, -24.39, -103.87, 0.44, 3.30, 5.00
199086, 9.72, 9.29, -2.44, -5.32, -27.76, -102.40, -0.75, -1.35, -1.47
199333, 4.14, 9.57, -2.04, 4.25, -28.25, -101.94, 0.21, 0.20, -1.27
199579, -1.01, 6.27, -1.07, 30.63, -24.28, -106.07, -0.14, 0.50, -2.05
199827, 5.71, 10.90, -1.60, 6.43, -27.45, -111.09, 0.78, 3.04, 5.00
200075, 13.19, 4.86, 0.29, 2.06, -26.43, -112.83, -0.04, 0.58, -1.30
200329, 7.31, 8.21, -1.77, 10.42, -26.31, -111.34, 0.21, 0.27, -1.30
200577, -4.25, 12.62, -10.32, 33.00, -18.99, -114.85, -0.39, -1.98, -2.75
200824, 5.47, 3.80, 0.79, 20.67, -25.27, -113.90, 0.84, 1.97, 5.00
201072, 19.60, 3.98, -14.09, 7.02, -26.78, -112.63, -0.75, 3.00, -3.73
201320, 0.46, 9.61, -1.44, 16.88, -25.40, -112.06, -0.05, -0.28, -1.12
201566, 4.77, 19.60, -2.56, 35.12, -18.02, -112.53, -0.31, -1.06, -3.20
201814, 4.10, 1.66, -1.86, 29.57, -22.20, -112.89, -0.24, 1.63, 5.00
202070, -4.50, 16.00, 1.44, 1.48, -25.69, -107.50, 3.23, 5.00, -1.74
202317, 3.44, 8.96, -2.11, 19.39, -25.10, -110.55, 0.19, 0.04, -0.99
202565, 1.21, 14.18, -0.37, 32.37, -17.00, -112.82, 0.19, 0.38, -2.96
202813, 7.01, -0.47, -0.63, 36.48, -18.37, -114.13, 0.15, 0.96, 4.23
203059, -8.78, 19.60, 17.65, 2.50, -26.25, -110.00, -2.98, -1.75, 0.40
203307, 2.54, 10.10, -1.97, 18.77, -25.61, -111.08, 0.22, 0.04, -0.72
203554, -3.24, 12.47, 0.55, 29.87, -19.22, -111.75, 0.13, 0.25, -2.75
203802, 4.69, -0.03, -1.07, 39.29, -15.92, -112.31, 0.20, 0.34, 3.66
204056, -1.23, 6.30, 2.00, -4.66, -24.06, -111.47, 0.88, -0.71, -3.45
204304, 2.24, 9.69, -4.63, 16.19, -25.94, -112.01, 0.02, -0.79, -0.94
204552, -1.77, 11.86, -1.19, 27.29, -19.61, -114.92, 0.33, 0.39, -2.48
204800, 3.50, -1.19, -0.43, 40.62, -12.34, -116.52, -0.26, 0.33, 2.50
205045, 1.37, 6.55, -6.09, -3.86, -23.75, -115.14, -1.68, -2.26, -1.11
205293, 6.35, 7.74, -5.85, 17.17, -26.91, -113.43, -0.11, -0.62, -0.75
205541, 0.08, 10.87, -1.22, 27.30, -21.62, -114.43, 0.06, -0.14, -2.21
205797, 8.04, -3.33, -0.69, 43.95, -13.64, -117.98, -0.34, -0.99, 2.69
206059, -0.60, 19.60, -9.72, 0.13, -26.85, -116.06, -1.10, -3.60, -1.90
206305, 4.66, 9.25, -5.04, 22.32, -23.63, -112.23, -0.08, -0.74, -0.97
206553, 0.78, 11.10, -0.57, 28.81, -16.62, -112.42, 0.14, 0.14, -2.07
206800, 7.24, -2.34, 1.54, 39.24, -9.47, -111.08, -1.34, -5.00, 1.90
207046, 19.60, -2.17, -3.46, -2.18, -21.53, -114.00, 0.28, -1.11, 1.93
207294, 11.91, 7.22, -2.77, 16.25, -24.69, -110.41, 0.14, 0.57, -0.89
207548, -2.31, 11.95, 0.16, 22.52, -20.21, -112.25, 0.08, -0.16, -1.79
207796, 16.28, 1.10, -2.59, 43.55, -8.96, -110.77, 0.92, -0.22, 0.32
208044, 14.22, 11.37, -9.08, 5.38, -22.71, -116.40, 0.33, -0.04, 4.06
208289, -2.72, 10.62, -0.50, 15.20, -23.47, -113.69, -0.02, -0.38, -0.64
208537, 0.25, 11.11, -1.97, 22.70, -20.17, -115.65, 0.15, -0.29, -1.50
208785, 16.15, 4.67, -11.31, 39.67, -5.93, -117.98, 0.92, 5.00, -1.50
209031, 4.79, 14.12, -1.79, 22.48, -21.43, -116.33, 0.82, 3.34, 5.00
209287, -4.55, 11.26, -1.68, 25.07, -22.26, -113.17, -0.34, -3.73, -0.56
209534, -0.62, 10.15, -0.93, 31.39, -15.80, -115.36, 0.50, -0.14, -1.06
209782, -4.63, 6.39, -11.62, 45.51, 4.81, -118.66, -0.05, 2.14, -1.77
210034, 4.32, 13.71, -2.97, 37.87, -17.66, -106.01, 0.37, 4.30, 5.00
210282, 14.27, 7.08, 0.17, 38.07, -18.65, -94.80, -0.69, -1.78, -1.80
210530, 2.79, 9.30, -0.97, 44.55, -9.34, -99.28, 0.15, -0.39, -1.05
210776, -2.45, 9.83, -4.04, 52.28, 12.58, -104.00, 0.17, 0.10, -2.39
211032, 2.99, 6.53, -0.76, 45.72, -10.48, -89.01, 0.44, 2.93, 5.00
211277, 5.39, 8.74, -12.82, 30.55, -19.06, -76.73, -0.31, 2.87, -2.19
211525, 1.33, 9.52, -1.82, 37.27, -11.93, -78.03, 0.06, -0.53, -0.85
211773, 3.75, 19.60, -3.73, 47.27, 3.58, -79.93, 0.20, -1.10, -3.52
212021, 8.24, -1.15, -0.82, 42.87, -2.21, -74.06, 1.62, -0.22, 4.82
212269, -6.13, 19.60, -2.53, 15.45, -15.95, -69.79, 1.35, 4.94, -2.68
212514, 1.72, 8.97, -1.17, 24.00, -14.09, -70.40, 0.13, -0.09, -0.83
212762, 1.19, 17.03, 2.47, 34.17, -6.64, -72.11, 0.32, 0.35, -2.84
213018, 8.32, -1.60, -3.33, 35.72, -5.29, -70.86, 1.74, -0.03, 4.03
213266, 3.08, 19.60, -5.24, -0.64, -15.13, -70.37, -2.34, 4.98, -2.90
213514, 0.31, 10.46, -2.03, 9.32, -18.18, -71.94, 0.09, 0.00, -0.80
213762, -1.65, 11.75, -1.39, 21.19, -16.92, -73.25, 0.45, 0.59, -2.46
214007, 3.83, 0.98, -5.90, 31.51, -15.27, -71.78, 1.61, 0.33, 2.34
214255, -1.01, 11.11, -6.20, -15.80, -15.16, -75.64, -1.49, 0.41, -1.98
214503, 0.35, 9.89, -3.52, -2.69, -22.61, -80.46, -0.47, -1.27, -0.63
214757, -1.04, 10.57, -0.93, 9.56, -24.96, -81.92, 0.25, 0.45, -2.37
215005, 3.84, -1.18, -1.31, 28.31, -21.50, -83.59, 0.19, -0.36, 2.65
215252, -0.26, 9.35, -5.98, -18.94, -11.27, -77.83, -2.03, -3.51, -1.02
215500, 0.36, 9.03, -4.31, -5.26, -18.93, -78.68, -0.95, -2.22, -0.55
215746, -0.88, 11.58, -2.78, 4.62, -19.09, -74.60, -0.42, -0.81, -1.21
215994, 10.77, 3.15, 1.10, 38.19, -5.79, -73.38, -2.21, -2.49, 0.85
216242, -5.94, 13.48, -1.92, 1.99, -10.27, -61.49, 0.68, -1.40, 3.58
216498, 2.25, 8.60, -5.36, 11.34, -13.20, -61.93, 0.04, -0.53, -0.76
216745, -3.34, 11.15, -3.20, 24.74, -10.55, -62.92, -0.12, -0.72, -1.40
216993, 12.46, 0.17, 0.92, 45.69, 8.96, -69.76, 0.51, 0.15, 1.72
217239, 2.10, 6.95, -1.10, 8.58, -16.78, -65.05, 0.30, -2.38, 2.97
217487, -2.37, 10.07, -6.57, 17.76, -15.10, -64.70, 0.07, 0.50, -1.11
217735, -1.87, 9.82, -2.53, 27.61, -10.74, -66.11, -0.14, -0.76, -1.29
217980, 19.60, 3.40, -4.65, 44.97, 6.12, -72.11, 0.24, 2.28, -0.59
218228, -0.35, 12.93, 0.98, 9.47, -17.73, -68.44, 0.15, -0.34, 4.58
218482, 1.47, 9.98, -4.99, 19.00, -15.14, -65.33, 0.03, 0.89, -1.08
218730, 0.74, 10.64, -3.15, 28.21, -10.23, -67.30, -0.23, -0.74, -1.30
218978, 19.60, 3.43, -0.57, 47.92, 9.15, -73.00, -1.03, -2.91, 0.77
219226, 2.64, 12.09, -2.85, 20.24, -18.75, -70.39, 0.32, -0.48, 4.51
219471, -7.17, 12.25, -5.41, 31.20, -13.62, -69.67, 0.10, 0.27, -0.79
219719, 3.45, 9.86, -3.47, 38.28, -7.09, -71.63, -0.24, -0.77, -1.19
219967, 17.29, 5.65, -8.83, 53.01, 14.18, -82.33, 0.61, 5.00, -1.98
220223, 4.71, 11.46, -1.60, 28.50, -19.39, -77.26, 0.64, 0.30, 5.00
220469, 3.28, 7.18, -0.80, 31.47, -17.55, -75.96, -0.19, -3.30, -0.60
220717, 3.45, 9.73, -2.55, 39.23, -10.76, -78.71, 0.04, -0.41, -1.41
220964, -1.61, 6.33, 1.48, 53.67, 11.69, -88.31, -1.11, -2.27, -2.13
221212, 7.38, 9.47, -1.40, 38.04, -15.68, -78.60, 0.35, 1.28, 5.00
221458, 19.60, 7.54, -3.60, 27.70, -19.50, -74.38, -0.60, -0.81, -1.99
221706, 3.80, 8.77, -2.69, 37.91, -12.58, -78.21, -0.00, -0.19, -1.16
221962, -4.49, 13.24, -10.84, 51.96, 7.28, -84.16, -0.82, -2.71, -2.74
222208, 7.71, 3.42, -0.58, 41.08, -11.62, -77.78, 0.71, 2.00, 5.00
222455, 12.06, 7.52, -11.22, 23.95, -18.61, -70.24, -0.01, 3.02, -2.64
222703, 2.19, 9.54, -0.86, 32.39, -14.76, -73.03, 0.22, -0.55, -0.97
222951, -1.41, 19.60, -8.04, 47.05, -0.34, -78.98, 0.19, -3.41, -3.65
223197, 5.10, -1.80, -1.16, 30.46, -21.25, -75.42, 1.21, -0.68, 5.00
223444, 8.44, -0.81, 0.68, 1.17, -19.64, -70.39, 3.53, 5.00, -4.01
223700, 4.70, 9.62, -0.95, 12.34, -22.98, -73.97, 0.44, -0.03, -1.07
223948, 2.18, 19.60, -2.37, 27.29, -21.84, -79.19, 0.59, -0.13, -3.29
224194, 8.71, -3.91, -2.36, 24.76, -25.84, -83.67, 2.03, -0.87, 4.96
224442, -9.24, 19.02, -1.29, -17.30, -19.23, -86.76, 1.85, 5.00, -3.51
224690, 1.70, 9.22, -2.49, -2.81, -26.78, -92.93, 0.20, -0.68, -0.73
224942, -6.32, 19.60, -2.59, 19.64, -27.96, -99.36, 0.65, -1.21, -3.44
225189, 6.22, -2.53, -2.42, 18.82, -28.49, -107.89, 1.19, -0.05, 5.00
225437, -0.54, 13.84, 1.06, -11.20, -23.38, -107.22, 3.89, 5.00, -2.96
225691, 2.29, 9.55, -1.95, 7.78, -26.86, -111.21, 0.17, -0.57, -0.81
225939, 0.11, 19.60, -3.32, 25.59, -23.12, -114.45, 0.08, -0.46, -3.11
226187, 7.02, -0.33, -1.37, 30.68, -22.46, -112.83, 0.73, 1.02, 4.58
226435, -3.88, 12.91, -14.58, -3.45, -25.55, -110.41, -1.85, 3.61, -3.51
226682, -0.22, 10.19, -2.04, 12.66, -26.79, -111.60, 0.14, -0.00, -0.76
226930, -2.00, 10.89, -1.81, 25.99, -21.98, -113.39, 0.32, 0.49, -2.54
227178, 4.57, 1.34, -1.85, 41.63, -15.14, -112.86, 0.30, 0.00, 2.87
227434, -1.54, 10.62, -2.88, -3.57, -25.24, -111.79, -0.63, -1.31, -2.80
227682, 1.23, 8.92, -2.45, 18.94, -25.37, -110.67, -0.24, -0.50, -1.12
227930, -4.20, 12.14, -0.40, 28.05, -20.32, -111.27, 0.02, -0.06, -2.21
228175, 1.14, 1.26, 1.36, 38.32, -17.39, -112.95, -1.81, -1.33, 3.22
228423, -1.46, 11.27, -6.41, -1.75, -24.98, -113.91, -1.30, -2.86, -2.19
228671, 1.17, 8.86, -1.92, 15.27, -24.99, -113.65, -0.20, -1.37, -0.67
228919, -1.09, 12.06, -0.94, 26.09, -21.28, -113.87, 0.26, 0.46, -2.30
229173, 4.22, -0.87, -0.90, 42.71, -12.07, -114.98, -0.35, -0.58, 2.61
229421, -0.46, 13.17, -6.76, 0.10, -25.02, -113.83, -2.01, -3.82, -1.28
229668, 6.13, 8.17, -3.57, 20.58, -26.62, -112.01, -0.08, -1.25, -1.06
229916, -2.48, 11.64, -1.12, 33.54, -19.91, -113.48, 0.04, -0.12, -2.19
230164, 4.88, -2.97, 0.86, 43.41, -11.28, -114.37, -0.14, -0.65, 2.90
230410, 0.50, 9.74, -6.52, -3.27, -25.33, -110.08, -1.94, -3.51, -0.77
230658, 2.99, 8.72, -3.47, 18.33, -27.14, -110.06, 0.19, -0.27, -0.87
230914, -0.77, 12.05, -1.06, 26.95, -22.24, -111.91, 0.09, -0.47, -1.62
231161, 9.06, -1.54, -0.26, 44.64, -11.96, -113.90, 0.85, -0.28, 1.22
231409, 12.21, 3.56, 1.13, 1.96, -25.65, -117.48, 0.50, -2.67, 3.51
231655, -5.40, 10.95, -4.27, 16.08, -29.13, -112.20, 0.36, 0.71, -0.96
231903, 3.68, 10.23, -3.36, 28.54, -25.69, -111.74, -0.33, -0.94, -1.18
232151, 19.60, 5.80, -9.03, 47.91, -5.90, -110.08, 0.77, 4.97, -1.97
232398, 9.33, 6.49, -0.81, 3.11, -19.22, -112.82, 1.50, 0.15, 3.49
232652, -2.58, 11.01, -1.35, 14.53, -22.79, -108.74, 0.55, 0.36, -0.89
232900, -0.35, 11.06, -2.55, 22.46, -19.69, -109.65, -0.07, -0.66, -1.37
233146, 13.57, 5.83, -2.28, 37.40, -13.11, -115.29, 0.70, 2.03, -1.72
233394, 7.67, 11.22, -4.88, 13.14, -24.90, -111.53, 1.02, 2.21, 5.00
233641, 3.54, 9.48, -1.99, 17.54, -26.16, -109.11, 0.26, -4.09, -0.27
233889, 3.81, 9.61, -1.35, 22.36, -21.97, -110.16, -0.04, -0.56, -1.19
234135, -3.30, 11.53, -2.79, 39.96, -12.09, -113.78, -0.91, -1.80, -2.21
234397, 5.99, 8.85, -2.96, 17.64, -23.74, -113.10, 1.49, 2.17, 5.00
234649, 8.92, 9.52, -3.45, 18.11, -25.64, -110.01, -0.67, -1.39, -1.07
234901, 2.90, 9.03, -2.12, 24.29, -20.33, -113.39, 0.11, -0.16, -1.18
235155, -8.12, 6.33, -14.57, 42.06, -4.98, -117.79, 0.94, 2.65, -1.70
235407, 3.99, 16.88, -7.37, 32.67, -19.00, -109.34, 1.31, 5.00, 5.00
235659, 6.68, 8.01, 0.65, 37.88, -19.29, -100.41, 0.83, -0.43, -0.89
235911, 3.88, 9.92, -1.82, 42.22, -11.74, -102.51, 0.07, -0.20, -1.04
236165, -4.89, 10.91, -10.18, 52.65, 10.54, -106.78, -1.51, -0.11, -2.78
236445, 6.99, 12.86, -2.74, 42.25, -13.58, -90.46, 1.64, 3.89, 5.00
236693, 10.39, 0.45, -8.97, 33.37, -18.08, -81.48, 0.39, 2.76, -2.05
236939, 2.27, 9.25, -1.98, 41.26, -11.05, -82.94, 0.09, 0.08, -0.95
237187, -1.31, 17.86, 0.78, 51.71, 8.26, -85.62, -0.34, -2.33, -3.33
237432, 6.75, -2.00, -1.28, 46.87, -0.98, -79.09, 1.58, 0.49, 5.00
237680, -19.60, 19.60, 17.67, 20.91, -17.19, -70.56, -0.29, -4.90, 1.62
237926, 5.13, 9.18, -1.52, 30.28, -13.02, -72.57, 0.16, -0.09, -0.69
238182, -3.79, 12.90, -5.23, 39.97, -6.34, -75.69, 0.60, 0.70, -2.91
238430, 6.38, -0.55, -4.46, 40.21, 4.19, -69.07, 0.95, 0.44, 3.19
238678, -0.46, 8.58, -0.82, 5.32, -15.14, -68.82, -0.03, 0.32, -3.47
238923, 0.94, 8.96, -2.59, 15.54, -14.34, -69.25, 0.02, 0.20, -0.79
239171, -3.06, 10.89, -0.62, 26.06, -11.98, -71.32, 0.49, 0.35, -2.25
239419, 5.52, -1.19, -3.09, 35.28, -3.81, -67.47, 2.41, -0.27, 2.40
239671, -8.48, 10.21, -6.31, -10.93, -14.97, -72.17, -1.59, -1.22, -0.51
239925, 1.19, 9.35, -2.79, 3.05, -21.21, -74.01, -0.09, -0.61, -0.89
240173, -4.61, 12.16, 0.43, 15.00, -21.03, -75.49, 0.41, 0.49, -2.17
240420, 5.30, -1.34, -1.14, 31.91, -15.51, -75.08, 1.65, -0.69, 2.53
240668, 0.81, 10.78, -4.70, -17.22, -14.70, -81.09, -1.63, -2.60, -1.24
240916, -3.65, 9.88, -2.37, -5.32, -21.56, -82.78, -0.36, -1.31, -0.75
241164, -2.15, 10.44, -2.03, 8.39, -23.03, -81.98, -0.10, 0.08, -2.18
241410, -2.36, -0.93, 3.15, 32.10, -16.90, -79.48, -1.90, -0.51, 2.75
241666, 2.28, 6.69, -4.40, -7.42, -10.06, -64.57, -0.82, -0.64, -2.63
241913, 2.03, 8.47, -3.55, 4.37, -13.24, -62.88, -0.16, -1.15, -0.54
242161, -2.77, 12.04, -2.72, 18.84, -10.90, -62.64, -0.17, -0.82, -1.92
242409, 0.40, 0.09, 2.46, 44.59, 4.68, -68.30, -1.82, -1.39, 3.06
242655, 0.73, 8.82, -8.43, 3.68, -16.09, -65.36, -0.83, -1.78, -0.50
242903, 3.78, 8.98, -3.95, 21.27, -12.80, -62.54, 0.07, -0.11, -0.88
243150, 1.41, 11.00, -0.31, 31.13, -5.86, -64.53, -0.01, -0.61, -1.98
243398, 3.89, 2.28, -2.87, 44.94, 9.18, -68.44, 0.71, -1.39, 3.03
243652, -5.48, 9.34, -3.80, 6.68, -19.32, -68.84, -1.18, -1.37, -0.62
243900, 8.51, 7.96, -2.64, 19.00, -15.51, -65.26, -0.05, -0.16, -1.36
244148, -5.50, 11.12, -0.15, 30.71, -8.42, -66.76, -0.18, -0.66, -2.06
244393, 0.33, 2.60, 3.20, 48.35, 6.04, -75.75, -1.18, 1.61, 3.36
244895, 2.87, 7.80, -2.85, 27.57, -12.15, -65.57, 0.30, -0.32, -0.63
245235, 3.17, 19.07, -0.44, 44.65, 3.36, -69.38, -0.93, -1.89, -3.13
245483, 8.37, 2.97, 0.35, 44.71, 0.42, -72.04, -0.29, 1.93, 5.00
245737, 15.81, 0.33, -4.48, 25.40, -16.49, -68.08, 0.48, 1.55, -4.45
245985, 0.94, 8.98, -3.40, 37.55, -9.54, -72.26, 0.06, -0.84, -0.84
246233, 7.68, 19.60, -2.28, 49.25, 6.84, -76.45, -1.06, -1.69, -3.20
246480, 5.03, 1.04, -0.37, 52.06, -0.15, -83.38, 0.02, 1.93, 5.00
246726, -2.89, 7.30, 4.18, 25.05, -20.43, -75.33, 2.59, 2.93, -2.56
246974, 3.93, 8.95, -1.44, 38.16, -12.32, -74.67, 0.06, -0.07, -0.84
247222, -1.45, 19.12, 0.50, 47.78, 1.24, -77.38, 0.36, 0.29, -3.06
247468, 4.54, 1.04, -1.87, 53.49, 10.26, -85.72, 0.88, 2.31, 3.55
247721, -2.33, 11.13, -9.71, 22.46, -21.57, -73.82, -1.13, 2.20, -3.69
247969, 0.89, 9.52, -1.83, 32.49, -15.32, -73.90, 0.18, -0.42, -0.74
248217, -5.10, 12.09, -1.02, 41.35, -7.85, -76.45, 0.51, 0.58, -2.74
248465, 4.60, -2.60, -4.77, 43.38, -0.37, -66.90, 2.85, 0.78, 3.86
248711, 8.56, 10.02, 0.86, 0.04, -19.67, -67.82, 0.10, 2.15, -3.53
248958, 0.70, 9.14, -1.76, 9.68, -21.43, -69.69, 0.04, -0.56, -0.61
249206, 1.17, 11.03, -0.58, 20.58, -20.59, -72.17, 0.64, 0.35, -2.10
249462, 3.43, -0.90, -6.04, 32.05, -16.03, -71.28, 4.69, 0.05, 1.98
249708, -0.88, 4.51, -0.44, -17.95, -18.12, -84.35, -0.07, -0.48, 0.71
249956, 7.20, 7.79, -3.09, -3.27, -26.19, -88.44, 0.21, 0.75, -1.00
250204, -0.59, 10.74, -0.72, 7.34, -27.52, -89.49, 0.41, 0.04, -1.63
250451, 17.75, 1.75, -5.82, 35.52, -21.78, -85.18, 1.25, 1.30, -0.11
250697, 18.83, -1.27, -11.82, -13.52, -21.09, -106.05, -0.35, -1.23, 3.68
250945, -2.51, 9.63, -2.41, -1.46, -28.09, -101.78, 0.13, 1.13, -1.17
251201, 3.10, 10.38, -2.12, 9.02, -27.90, -103.43, 0.10, -0.33, -1.13
251447, 7.35, 6.24, -11.57, 37.27, -20.11, -104.34, 1.00, 3.36, -2.84
251695, 7.59, 14.30, -3.74, 7.54, -26.97, -111.65, 1.26, 2.31, 5.00
251942, 15.28, 6.99, 0.61, 6.96, -27.36, -110.89, -0.10, -1.07, -1.96
252190, 3.46, 8.83, -1.83, 15.67, -25.61, -111.78, -0.04, -0.28, -1.06
252438, -3.13, 13.88, -7.20, 35.76, -17.49, -114.25, -1.92, -3.36, -3.30
252686, 7.01, -0.21, -0.16, 27.19, -23.69, -111.09, 0.76, 0.88, 5.00
252940, 16.26, 4.03, -12.52, 12.26, -27.52, -110.32, -2.28, 3.75, -3.32
253188, 0.75, 9.41, -3.21, 21.95, -24.29, -113.18, 0.06, -0.55, -0.91
253435, 1.38, 19.60, -3.00, 38.94, -14.67, -114.89, -0.37, -1.51, -3.06
253683, 7.23, -0.93, -0.02, 37.72, -19.41, -110.79, -0.14, 0.40, 5.00
253931, 17.39, -6.34, -0.45, 8.10, -27.68, -106.43, 1.73, 3.72, -4.55
254177, 3.05, 8.65, -3.04, 24.66, -24.85, -107.26, 0.04, -0.92, -0.70
254425, 0.29, 18.60, 2.81, 37.50, -16.22, -110.14, 0.24, -0.28, -3.28
254672, 7.08, 0.28, -1.45, 39.33, -17.32, -110.55, -0.33, 1.43, 4.85
254932, -19.60, 19.60, 9.50, 1.32, -26.18, -104.74, 0.23, -0.74, 0.43
255180, 3.16, 9.38, -0.88, 19.42, -26.02, -108.83, 0.11, -0.00, -0.91
255426, 0.32, 11.80, -2.88, 31.92, -19.91, -110.13, 0.00, -0.07, -2.64
255674, 0.43, 0.92, 1.36, 41.22, -14.34, -111.74, 0.01, 0.90, 3.28
255922, -2.26, 14.14, -5.50, -2.19, -24.64, -110.65, -1.06, -3.66, -2.09
256169, 5.53, 8.23, -3.85, 17.20, -26.16, -109.56, -0.07, -1.27, -0.95
256417, -2.10, 11.52, -1.91, 25.50, -21.89, -111.02, 0.23, -0.05, -2.11
256673, 1.55, -1.58, 0.84, 41.46, -14.83, -113.23, 0.30, -0.95, 2.84
256921, 2.36, 7.89, -7.45, -5.32, -25.50, -113.88, -1.99, -3.08, -0.22
257169, 6.48, 8.31, -4.12, 16.28, -29.90, -112.79, 0.08, 0.44, -0.95
257415, 0.24, 11.35, -0.41, 25.29, -26.70, -114.24, 0.13, -0.04, -2.07
257662, 11.06, -0.03, -2.53, 50.39, -4.93, -114.91, -0.05, -0.82, 1.08
257910, 9.35, 7.46, -1.55, 4.91, -19.92, -109.24, 1.13, -0.29, 3.56
258158, 3.13, 7.43, -4.32, 17.14, -22.14, -107.50, 0.31, 2.06, -1.04
258412, -1.99, 11.18, -1.93, 23.84, -19.26, -108.61, -0.11, -1.05, -1.27
258660, 19.60, 1.84, -10.16, 43.61, -7.70, -108.62, 0.73, 5.00, -2.41
258908, -0.83, 16.85, -5.30, 7.98, -25.36, -109.81, 1.18, 1.52, 5.00
259155, -7.82, 10.33, -3.72, 14.89, -26.06, -109.09, 0.18, -2.96, -0.23
259403, 2.20, 9.83, -3.20, 21.03, -22.90, -110.99, -0.02, -0.37, -1.17
259651, -6.08, 8.52, -3.10, 39.77, -12.32, -114.76, -0.61, -1.04, -1.60
259897, 7.40, 11.32, -3.53, 19.32, -23.72, -112.25, 1.49, 2.45, 5.00
260153, 4.05, 9.46, -2.32, 21.44, -23.60, -111.65, -0.31, -2.94, -0.39
260401, 1.98, 10.33, -1.18, 27.36, -19.61, -113.80, 0.06, -0.03, -1.21
260648, -1.28, 11.46, -4.47, 44.34, -5.03, -116.08, -0.72, -0.48, -2.32
260896, 5.01, 6.49, -0.87, 35.82, -16.19, -111.62, 1.42, 1.83, 5.00
261144, 19.60, 3.93, -6.62, 35.50, -19.86, -101.70, 0.83, 2.99, -2.65
261392, 3.51, 9.17, -1.35, 40.72, -13.21, -106.18, 0.04, -0.00, -0.94
261640, -6.39, 19.60, -2.86, 49.99, 3.67, -108.96, 0.29, -1.49, -3.34
261894, 5.41, -3.50, -1.68, 52.25, 1.70, -97.02, 1.12, -0.41, 5.00
262141, 15.30, -4.78, 1.41, 31.95, -19.86, -85.34, 1.34, 4.54, -4.61
262389, 2.06, 9.62, -0.35, 41.92, -10.96, -84.39, -0.05, -0.44, -0.88
262637, 2.61, 16.43, -1.79, 50.47, 4.31, -85.87, -0.07, -0.21, -3.17
262885, 7.84, -2.29, -1.95, 49.53, 7.72, -78.72, 2.16, -0.01, 4.54
263133, 9.35, 18.46, -7.75, 23.95, -17.99, -74.12, -2.46, 3.01, -2.74
263378, 3.77, 9.08, -1.31, 31.77, -12.77, -71.91, 0.14, 0.01, -0.74
263626, 0.49, 11.17, -1.83, 40.24, -5.03, -73.62, 0.37, 0.43, -2.37
263905, 8.22, -0.37, -4.15, 43.04, 5.35, -70.33, 1.26, 0.82, 3.63
264153, -5.19, 13.48, -9.52, 12.67, -14.51, -68.39, -0.78, 0.67, -3.19
264398, 1.01, 9.38, -2.70, 19.91, -12.07, -68.99, 0.08, -0.29, -0.75
264646, -0.83, 11.07, -1.50, 28.56, -7.92, -70.01, 0.31, 0.19, -2.30
264894, 5.78, -1.62, -1.65, 37.39, 2.60, -67.51, 2.13, -0.56, 2.64
265140, -6.82, 12.60, -10.03, -2.81, -15.71, -69.83, -1.88, -3.04, -0.79
265388, 3.59, 8.78, -1.42, 7.21, -18.78, -70.56, -0.14, -1.07, -0.79
265644, -1.70, 10.97, -1.49, 18.25, -19.07, -72.24, 0.53, 0.47, -2.31
265889, 6.78, -1.88, -4.07, 29.95, -15.36, -71.34, 4.33, 0.13, 2.22
266137, -8.28, 10.98, -4.34, -18.46, -15.87, -82.72, -1.31, -3.89, 2.22
266385, 9.46, 8.45, -2.29, -4.97, -22.13, -80.97, 0.30, 0.81, -0.92
266631, 0.91, 10.29, -2.44, 5.44, -23.47, -80.69, 0.09, -0.04, -1.71
266878, 15.03, 3.53, -3.19, 32.07, -17.19, -79.41, 0.14, 2.08, -0.59
267126, 12.69, 10.84, -12.75, -13.69, -14.51, -75.65, -0.41, -2.27, 5.00
267382, 0.69, 9.24, -4.43, -3.38, -15.68, -70.97, 0.26, 1.28, -0.88
267628, 4.02, 10.50, -2.38, 6.68, -14.88, -68.33, -0.46, -1.10, -1.09
267876, 19.60, -0.37, -6.27, 39.83, -0.80, -68.88, -1.51, 4.51, -1.85
268124, 1.00, 17.39, -4.19, 10.16, -11.94, -59.79, 1.11, 1.30, 5.00
268371, 0.05, 9.09, -3.66, 14.86, -11.77, -60.82, -0.43, -3.43, -0.21
268619, 4.98, 8.99, -3.10, 24.57, -9.68, -63.34, -0.16, -0.36, -1.33
268867, 0.04, 13.49, -5.89, 46.70, 7.10, -70.42, -2.20, -3.04, -2.33
269121, 8.03, 9.24, -3.67, 25.72, -11.69, -64.95, 0.60, 2.54, 5.00
269369, 19.60, 5.66, -4.45, 11.02, -14.56, -64.26, -0.26, 0.03, -2.62
269619, 2.50, 8.68, -3.15, 23.72, -11.14, -65.97, -0.11, -0.25, -1.18
269869, -1.40, 12.60, -9.45, 44.46, 3.29, -71.06, -3.01, -5.00, -3.15
270116, 9.21, 3.87, -1.02, 33.12, -8.18, -65.97, 0.25, 2.25, 5.00
270364, 19.60, -16.76, -8.68, 10.92, -14.94, -64.09, 1.48, 4.98, -4.49
270610, 2.85, 8.32, -2.87, 24.04, -11.88, -64.37, -0.11, -0.62, -0.84
270858, 4.09, 14.22, 0.31, 37.15, -0.96, -66.24, -0.67, -0.45, -3.18
271114, 3.96, 0.85, 0.74, 43.70, 0.35, -70.80, -0.59, 1.75, 4.71
271362, -5.93, 19.60, 2.31, 18.14, -14.53, -64.73, -3.76, 2.31, -0.55
271609, 1.67, 9.33, -2.39, 29.90, -11.91, -66.69, 0.08, -0.30, -0.74
271857, -2.04, 11.38, -2.08, 40.56, -1.42, -70.33, -0.10, -0.33, -2.52
272105, -0.31, 1.52, 1.31, 53.07, 11.85, -81.85, -1.05, 0.89, 3.29
272351, 0.07, 13.50, -7.30, 22.58, -20.72, -73.46, -1.25, -3.26, -2.08
272599, 3.21, 9.13, -3.70, 35.19, -13.33, -72.73, 0.12, -1.02, -0.68
272855, 0.51, 10.95, -2.31, 44.90, -2.88, -76.37, -0.09, -0.33, -2.01
273102, 5.47, -1.23, 0.02, 55.22, 18.94, -87.36, 0.21, -1.44, 2.10
273348, 12.15, -1.34, -1.38, 24.38, -24.52, -80.33, 0.54, -0.41, 2.42
273596, 0.27, 8.62, -1.47, 37.02, -16.02, -77.96, 0.76, 1.15, -0.90
273844, 2.44, 10.45, -2.26, 44.58, -7.45, -81.47, 0.17, -0.08, -1.63
274092, 19.40, 0.78, -8.37, 52.51, 19.00, -82.34, 1.54, 4.01, -1.95
274339, 3.86, 14.13, -7.56, 30.27, -19.00, -75.23, 1.47, 4.10, 5.00
274595, -9.29, 9.48, -1.66, 28.68, -18.68, -72.96, 0.68, 0.69, -0.71
274843, 2.09, 10.28, 0.27, 34.96, -14.76, -73.85, 0.42, -0.32, -1.29
275089, 9.72, 0.39, -12.88, 47.47, 5.06, -69.91, 2.20, 4.28, -2.41
275337, 6.51, 17.13, -7.14, 6.30, -22.70, -72.71, 0.75, 5.00, 5.00
275585, 10.28, 9.38, 2.75, -2.28, -24.16, -79.20, 1.22, -3.59, -0.60
275832, 5.87, 9.69, -1.03, 7.18, -24.52, -79.58, 0.05, -0.41, -0.85
276080, -5.09, 11.14, -9.78, 32.01, -22.29, -83.51, -1.60, -1.58, -3.08
276326, 3.92, 0.20, -0.24, 10.80, -28.68, -90.12, 0.55, 1.42, 5.00
276582, 3.19, 9.90, -10.41, -10.68, -24.50, -93.16, -1.66, 4.37, -2.36
276830, 2.42, 9.83, -0.18, 0.83, -27.68, -96.86, 0.11, -0.30, -0.90
277078, -4.91, 19.60, 0.76, 25.49, -26.86, -101.58, 0.16, -3.05, -3.51
277323, 4.41, -1.49, -0.60, 18.58, -27.93, -107.67, 1.12, 0.67, 5.00
277571, -16.17, 18.54, 11.87, -8.07, -24.58, -111.72, 1.66, -0.12, -1.07
277819, 2.16, 9.69, -1.20, 9.68, -26.85, -110.51, 0.21, 0.48, -0.64
278067, -2.25, 11.45, -0.91, 22.58, -23.34, -111.25, 0.21, 0.04, -2.58
278323, 5.43, 0.14, -2.41, 39.89, -16.95, -110.49, 1.00, 0.60, 3.39
278571, -0.39, 11.70, -4.08, -3.54, -25.58, -110.29, -1.37, -2.67, -2.11
278818, 8.24, 7.63, -3.73, 17.60, -26.45, -110.57, -0.12, -1.21, -0.73
279066, -1.11, 11.48, -1.34, 26.86, -22.48, -111.03, 0.03, -0.27, -1.96
279314, 13.69, 0.59, -1.26, 46.65, -9.85, -108.56, 0.28, -0.35, 0.62
279562, 6.94, 10.52, -2.01, 2.24, -24.74, -111.96, 1.28, 0.22, 4.79
279810, -1.56, 9.57, -3.92, 15.58, -26.97, -107.97, 0.36, -1.36, -0.72
280064, 0.57, 10.89, -0.91, 21.85, -24.51, -109.22, 0.00, -0.56, -1.33
280311, 13.36, 3.06, -7.49, 43.64, -10.46, -110.38, 0.89, 3.58, -2.04
280559, 5.14, 13.62, -4.98, 13.90, -26.56, -109.43, 1.43, 1.34, 5.00
280807, 9.48, 7.07, -3.64, 16.05, -27.43, -108.21, -0.55, -2.11, -1.72
281055, 4.84, 9.55, -1.90, 24.32, -23.44, -110.45, -0.08, -0.55, -1.03
281303, -2.25, 13.93, -6.35, 41.52, -13.12, -113.80, -2.08, -2.99, -2.69
281550, 7.36, 4.41, -1.43, 22.19, -26.07, -107.73, 0.45, 0.75, 5.00
281806, 17.70, 4.64, -6.96, 13.31, -27.00, -108.52, 0.49, 2.33, -2.72
282052, 2.25, 8.88, -2.32, 21.16, -24.01, -110.38, -0.10, -0.49, -1.10
282300, -1.86, 14.71, -9.46, 40.50, -14.76, -113.93, -3.11, -5.00, -3.03
282548, 9.06, 3.62, -0.85, 26.38, -25.42, -109.97, 0.88, 1.83, 5.00
282796, 16.45, 0.47, -3.61, 7.28, -28.46, -110.76, -1.11, 1.69, -3.58
283043, -0.58, 9.01, -3.45, 18.49, -26.92, -112.34, 0.04, -0.63, -0.79
283291, 6.65, 19.17, -2.89, 36.89, -19.42, -113.83, -0.79, -0.67, -3.49
283539, 6.53, 1.14, -0.15, 36.61, -20.24, -114.45, 0.29, 1.70, 5.00
283783, 5.94, 6.21, 4.48, 3.84, -23.24, -104.75, 2.77, 3.37, -2.61
284030, 3.74, 9.26, -2.33, 20.45, -21.05, -106.87, -0.04, -0.14, -0.89
284276, 0.64, 16.93, 0.22, 31.41, -15.89, -107.29, 0.28, 0.22, -3.17
284524, 5.65, -0.52, 0.50, 35.62, -17.04, -108.58, 0.64, 1.02, 4.40
284778, -1.99, 19.60, -3.68, 0.07, -23.79, -107.00, -3.81, 2.11, -1.33
285024, 0.52, 9.44, -1.98, 17.67, -25.27, -109.05, 0.02, -0.67, -0.51
285272, 1.37, 11.03, -2.42, 27.61, -20.20, -109.78, -0.11, -0.15, -2.51
285528, 4.61, 1.17, -1.00, 38.98, -15.27, -109.43, 0.30, 0.08, 3.43
285775, -4.32, 12.26, -2.37, -3.48, -23.21, -110.22, -0.60, -2.05, -2.55
286023, 0.31, 9.67, -3.14, 16.18, -24.55, -112.39, 0.06, -1.05, -0.73
286271, -2.38, 11.55, -0.66, 25.67, -19.79, -113.15, 0.35, 0.24, -2.43
286519, 9.65, -1.03, -6.36, 46.14, -7.45, -107.09, 2.72, -0.30, 2.26
286767, -10.60, 10.77, -5.16, 12.91, -24.10, -112.80, -1.43, -0.79, -1.12
287014, -0.22, 10.25, -4.36, 32.52, -19.20, -110.10, -0.19, -1.00, -0.75
287270, -2.39, 10.70, -1.08, 40.25, -9.27, -111.72, 0.49, 0.44, -2.15
287518, 8.33, -1.66, -4.34, 54.75, 13.87, -99.85, 3.64, 0.39, 1.92
287766, 0.03, 3.67, -4.53, 24.93, -24.14, -98.52, -0.83, -3.11, 1.60
288014, 4.59, 9.55, -1.04, 39.78, -16.02, -92.68, 0.57, 0.77, -0.81
288260, 1.04, 10.04, -1.41, 45.51, -7.19, -94.80, 0.26, -0.05, -1.57
288507, 16.16, 1.19, -15.50, 53.08, 19.22, -91.95, 1.78, 5.00, -2.68
288755, 5.00, 16.79, -2.45, 34.27, -17.20, -80.82, 0.82, 3.63, 5.00
289009, -2.32, 13.12, -3.56, 33.22, -15.02, -75.80, -0.01, -3.38, -0.17
289257, 0.84, 10.02, -2.83, 38.29, -9.28, -78.33, 0.07, -0.18, -1.12
289505, -1.12, 11.63, -6.06, 52.06, 12.07, -81.66, -1.49, -0.79, -2.79
289753, 2.86, 7.07, 0.12, 33.46, -12.79, -72.49, 0.55, 2.82, 5.00
290000, 6.18, 8.23, -11.72, 20.42, -13.86, -65.83, 1.27, 3.00, -1.51
290248, 3.03, 9.08, -2.32, 29.10, -9.69, -69.03, -0.04, -0.54, -0.88
290496, -4.41, 19.60, 2.41, 42.01, 1.71, -74.09, -0.08, -3.32, -3.66
290742, 5.54, -1.83, -0.70, 33.03, -6.83, -70.67, 0.80, 0.50, 5.00
290985, 16.97, -4.39, -1.32, 9.03, -15.70, -68.88, 0.06, -0.68, -3.74
291233, 2.64, 9.01, -1.53, 17.39, -14.67, -70.91, 0.25, 0.57, -1.53
291481, 1.16, 19.60, -3.73, 32.34, -9.41, -72.23, -0.06, -1.21, -3.79
291729, 3.46, -0.86, 1.06, 26.34, -15.65, -71.06, 1.66, 0.16, 5.00
291977, -19.60, 19.60, 10.13, -6.15, -17.32, -72.19, -2.33, -2.86, 1.91
292225, 1.28, 8.61, 0.31, 2.84, -22.24, -77.30, 0.14, -0.13, -0.80
292472, 2.09, 15.74, -2.77, 18.30, -23.71, -78.59, 0.21, 0.43, -3.18
292732, 8.18, -1.59, -1.23, 18.88, -24.36, -82.71, 1.53, 0.09, 5.00
292986, -19.60, 19.60, 10.90, -16.46, -14.94, -79.93, -1.54, -2.03, 1.35
293238, 5.31, 9.38, -1.91, -3.65, -22.49, -84.61, -0.25, -0.28, -0.71
293490, -0.21, 11.48, -2.20, 9.40, -23.00, -81.47, -0.49, -0.44, -2.49
293742, 3.17, -0.84, 1.34, 24.19, -17.95, -75.01, -1.52, 1.08, 4.09
293996, -2.67, 15.04, -19.51, -5.17, -9.40, -63.45, -1.86, 4.93, -1.36
294248, 0.10, 9.69, -2.66, 4.36, -13.24, -63.61, 0.16, -0.52, -0.85
294508, 0.20, 11.77, 0.66, 19.39, -10.14, -62.12, -0.62, -0.89, -2.30
294754, 3.72, 2.19, -1.59, 40.53, 0.96, -64.95, -0.50, 0.07, 4.09
295002, -1.88, 8.53, 1.15, 9.66, -15.67, -61.96, 0.02, -1.70, -2.97
295249, -1.98, 9.19, -4.39, 18.80, -12.85, -62.01, 0.09, -0.86, -0.55
295495, -0.43, 10.87, -1.32, 30.85, -7.54, -64.28, 0.01, -0.17, -2.25
295743, 5.22, -0.60, 0.02, 44.45, 6.37, -67.26, 0.73, 0.01, 2.54
295991, 0.52, 6.76, -7.65, 6.15, -17.07, -65.89, -2.01, -4.22, 0.25
296245, 5.26, 8.27, -3.79, 18.84, -14.34, -64.86, 0.08, -0.07, -1.00
296493, -1.66, 11.55, -0.93, 28.15, -9.94, -65.30, 0.07, -0.59, -1.58
296740, 12.76, 0.36, -1.18, 44.02, 7.80, -67.52, 0.26, -0.71, 0.86
296988, 6.81, 8.76, -1.37, 6.74, -16.33, -65.59, 1.00, -1.34, 3.56
297236, 4.57, 9.43, -5.01, 18.05, -14.06, -64.29, -0.13, -0.16, -1.13
297482, 3.67, 9.50, -2.75, 28.53, -8.97, -65.16, -0.22, -0.66, -1.18
297730, 5.37, 3.60, -4.63, 50.47, 10.63, -77.86, 0.39, 1.31, -1.18
297977, 7.11, 13.99, -4.51, 25.83, -13.59, -66.53, 0.83, 1.62, 5.00
298231, 5.43, 8.07, -2.46, 24.96, -14.32, -66.53, -0.21, -2.96, -0.58
298479, 4.06, 7.82, -3.05, 36.22, -9.78, -69.99, -0.10, -0.52, -1.05
298727, 1.63, 15.48, -7.47, 50.38, 9.27, -77.39, -2.98, -4.22, -3.00
298975, 8.08, 2.66, -0.59, 43.73, -5.90, -74.77, -0.01, 0.49, 5.00
299220, 14.60, 6.99, -6.67, 28.76, -16.44, -69.92, -1.50, 1.72, -2.62
299468, -1.72, 8.54, -3.72, 39.04, -11.53, -74.70, 0.12, -0.44, -1.04
299718, 3.14, 19.60, -1.08, 48.95, 4.57, -76.29, -1.00, -1.99, -2.96
299978, 5.90, -0.64, -0.07, 50.04, -0.54, -79.96, 1.00, 0.01, 4.99
300224, -14.74, 19.60, 15.50, 26.41, -19.16, -73.91, -2.37, -2.39, 1.93
300472, 1.66, 9.62, -1.27, 37.55, -13.52, -75.87, 0.37, -0.34, -0.73
300720, 2.76, 10.29, -2.67, 46.02, -4.46, -77.83, 0.17, 0.00, -2.33
300967, 3.51, -0.02, -1.69, 53.29, 13.52, -79.06, 0.93, 0.43, 2.24
301215, 5.44, 1.06, -6.36, 18.42, -21.66, -73.47, -1.18, -2.61, 1.24
301463, 6.24, 9.57, -2.35, 29.33, -15.81, -70.36, 0.45, 0.89, -0.89
301709, 0.65, 11.17, -0.37, 37.11, -10.10, -71.84, 0.31, 0.24, -1.69
301965, 15.29, -0.56, -7.01, 44.05, 8.74, -63.90, 2.00, 1.04, 0.57
302213, 6.15, 6.17, -10.37, -0.66, -20.96, -70.81, -1.24, -2.06, 3.47
302458, 2.91, 10.86, -2.90, 7.45, -21.69, -70.53, 0.20, 0.81, -0.92
302706, 1.85, 10.36, -2.18, 13.30, -22.83, -73.28, 0.28, -0.26, -0.90
302954, 13.88, -2.84, -17.34, 33.86, -15.81, -73.91, 2.41, 5.00, -2.73
303390, 19.60, -0.19, -7.12, -10.22, -23.24, -88.10, -0.72, 5.00, -4.08
303767, 1.21, 10.35, -1.68, 5.54, -26.41, -81.73, -0.22, 0.05, -1.73
304252, 8.22, 12.62, -8.31, -13.17, -22.36, -90.03, 0.87, 0.05, 4.34
304500, -4.00, 10.58, -3.11, -6.66, -24.13, -83.65, -0.02, -0.01, -1.34
304748, 1.55, 9.74, -3.02, 4.12, -26.07, -83.78, -0.05, -0.45, -0.93
304996, 7.62, 3.15, -14.01, 32.78, -19.56, -81.85, 1.67, 3.77, -2.43
