712, 2.94, 8.71, -3.88, 34.42, -23.52, -97.19, -0.07, 0.09, -0.14
956, 2.80, 7.98, -4.90, 34.74, -22.76, -95.92, 0.08, 0.12, -0.05
1202, 2.51, 8.08, -4.71, 35.31, -22.57, -95.69, -0.08, 0.15, -0.16
1449, 3.04, 8.69, -5.14, 35.17, -24.95, -98.90, 0.33, -0.72, 0.24
1695, 2.68, 8.19, -3.74, 36.82, -24.83, -101.11, -0.43, -0.03, -0.47
1941, 2.93, 8.72, -4.27, 41.99, -20.07, -96.92, -0.09, -0.38, -0.46
2187, 3.22, 6.71, -4.12, 44.33, -17.47, -94.94, -0.12, -0.08, -0.20
2443, 1.99, 8.87, -0.88, 43.95, -15.93, -91.55, 0.79, 0.38, -0.01
2689, 6.75, 3.11, -3.81, 38.07, -19.95, -104.84, 1.34, 0.22, 0.96
2936, 4.61, 7.73, -7.74, 37.52, -19.32, -95.98, -0.57, -0.05, 0.22
3182, 1.62, 8.65, -4.33, 42.88, -18.39, -92.17, -0.60, 0.68, -0.62
3428, 4.80, 4.76, -7.29, 44.72, -16.59, -88.57, -0.09, -0.05, -0.37
3676, -0.77, 9.54, -0.67, 46.04, -13.83, -90.21, 0.34, 0.19, 0.01
3921, 7.20, 3.68, 19.60, 45.12, -17.32, -97.41, 2.69, -1.48, 2.50
4167, -2.74, 6.07, -2.22, 36.66, -23.74, -104.84, 2.20, 0.69, 1.50
4421, 3.14, 9.04, -3.94, 39.30, -19.47, -90.76, -0.57, 0.23, -0.55
4669, 1.75, 5.33, -11.35, 45.15, -12.99, -85.18, -0.84, -3.03, 0.58
4915, 5.92, 7.18, -5.41, 47.19, -13.29, -87.97, 0.25, -0.22, -0.37
5163, 14.72, 5.57, -19.34, 46.32, -14.78, -94.20, -0.54, -0.34, -0.72
5408, 1.26, 7.39, -5.04, 41.45, -17.80, -97.76, 1.77, 1.59, 0.83
5654, -0.51, 9.19, 9.45, 37.52, -21.32, -100.89, -0.54, -0.54, 0.21
5902, -0.24, 8.41, -5.78, 40.32, -18.74, -92.44, -0.71, 0.07, -0.50
6148, 8.94, 8.73, -10.44, 48.64, -17.77, -88.73, -0.99, -1.80, 0.29
6404, -6.55, 11.95, 9.50, 47.75, -12.53, -93.26, 1.15, 1.22, 1.12
6649, -0.35, 9.78, 0.47, 44.10, -17.32, -95.76, 1.89, -0.41, 1.05
6895, 19.60, 6.00, -11.71, 37.30, -23.50, -100.07, -0.48, -0.95, -2.33
7143, 5.29, 7.22, -3.98, 38.70, -20.27, -92.33, -0.83, 0.09, -0.39
7389, 4.55, 6.31, -9.96, 43.50, -17.93, -90.59, -0.39, -0.70, -0.36
7636, 0.34, 9.45, 2.31, 44.31, -15.74, -91.07, 0.72, 0.29, 0.59
7882, 4.20, 8.20, -2.73, 42.96, -19.12, -97.52, 1.15, -0.51, 0.60
8136, 1.86, 4.84, -8.45, 35.94, -22.76, -107.00, 0.12, 1.41, 0.40
8382, 2.28, 8.70, -7.20, 37.59, -20.37, -95.82, -0.67, -0.06, 0.07
8630, 3.02, 7.37, -3.64, 43.67, -15.20, -89.30, -0.55, 0.22, -0.76
8876, 7.08, 6.07, -6.31, 46.46, -11.84, -88.15, -0.27, 0.27, -0.36
9121, 2.17, 7.38, -6.05, 46.30, -13.58, -91.63, 0.42, -0.34, 0.56
9369, 2.74, 9.47, -0.31, 39.84, -20.68, -100.35, 1.59, 1.40, 0.88
9615, 1.09, 12.42, 2.03, 34.52, -21.25, -99.81, -0.64, 0.16, -0.23
9861, 1.97, 8.85, -4.94, 40.82, -19.29, -93.25, -0.76, 0.05, -0.56
10117, 2.97, 8.89, -1.43, 46.02, -15.61, -92.66, -0.06, -0.62, -0.31
10362, 1.99, 8.44, -3.73, 45.86, -15.96, -95.91, 0.86, 0.01, 0.86
10610, 2.64, 8.02, -3.48, 41.49, -20.11, -102.34, 0.73, 0.10, 0.58
10856, 0.73, 8.33, -0.72, 36.61, -23.02, -108.61, 0.89, 0.59, 0.63
11102, 1.13, 10.07, -4.00, 38.82, -20.72, -97.46, -1.12, -0.69, 0.10
11350, 4.02, 8.29, -3.17, 41.33, -17.13, -92.06, -0.76, -0.36, -0.58
11595, 4.65, 6.22, -5.45, 47.15, -15.24, -94.94, -0.05, 0.10, -0.41
11855, 6.07, 7.14, -4.69, 45.24, -18.28, -100.67, 0.61, -0.19, 0.52
12101, 2.20, 9.51, -1.91, 41.29, -20.37, -105.29, 1.09, 1.25, 0.36
12349, -1.22, 8.42, -0.77, 42.39, -20.81, -101.02, -0.92, 0.10, 0.17
12595, 1.15, 8.26, -5.95, 44.46, -18.82, -95.10, -0.83, -0.41, -0.27
12843, 5.84, 7.54, -7.51, 50.09, -16.18, -96.39, -0.57, -0.92, -0.10
13088, 4.10, 7.73, -3.68, 49.85, -15.02, -99.65, 0.54, -0.21, 0.41
13336, 5.20, 7.76, -2.79, 44.61, -16.65, -98.95, 0.77, 0.69, 0.22
13582, 1.96, 8.73, -1.57, 38.34, -17.90, -100.96, 0.97, 0.69, 0.34
13826, 3.61, 7.45, -6.60, 37.52, -16.02, -92.69, -1.05, -0.46, -0.09
14071, 2.47, 7.26, -4.07, 40.43, -13.37, -88.85, -0.67, 0.01, -0.64
14319, 2.93, 7.90, -3.74, 43.13, -12.80, -92.50, 0.32, 0.63, -0.09
14565, 5.12, 7.73, -4.88, 39.27, -18.91, -100.31, 1.09, -0.48, 1.06
14811, 5.99, 3.15, 0.80, 33.76, -21.09, -110.93, 0.66, -0.81, 0.39
15058, 4.83, 8.88, -1.06, 37.01, -21.19, -101.74, -1.30, -1.16, -0.01
15304, 3.18, 8.13, -4.05, 40.47, -18.01, -95.73, -0.60, 0.14, -0.67
15560, 3.07, 7.87, -3.99, 46.61, -13.10, -93.04, -0.14, -0.50, -0.44
15806, 4.93, 7.32, -5.06, 45.79, -12.47, -95.12, 0.85, 0.37, 0.29
16054, 4.31, 7.32, -4.33, 42.93, -16.52, -97.91, 0.88, 1.24, 0.24
16300, 10.63, -5.67, -19.60, 39.59, -18.99, -99.04, -3.04, 0.08, -0.10
16547, 3.50, 7.84, -7.04, 41.17, -15.42, -93.04, -0.67, 0.06, -0.66
16793, 5.45, 9.51, -15.20, 47.06, -13.45, -92.88, -0.54, -1.13, -0.02
17041, 3.30, 7.57, -2.73, 44.62, -15.40, -95.05, 1.31, 0.22, 0.74
17295, 4.16, 5.21, -1.93, 36.57, -20.89, -104.60, 0.67, -0.62, 0.68
17541, 5.06, 6.71, -5.63, 38.00, -19.29, -96.95, -1.07, -0.94, -0.17
17788, 3.33, 8.20, -4.82, 40.35, -16.66, -92.05, -0.85, -0.39, -0.53
18034, 4.05, 8.74, -5.88, 46.24, -15.35, -94.50, 0.24, -0.40, 0.14
18282, 5.70, 6.25, -3.11, 36.52, -21.13, -101.81, 1.10, -0.44, 1.53
18528, -0.10, 9.77, -3.15, 34.48, -21.15, -100.48, -0.51, 0.27, -0.54
18774, 1.46, 8.50, -2.71, 37.45, -18.74, -98.99, -0.61, -0.83, -0.57
19021, 8.32, 4.89, -3.42, 43.99, -21.15, -106.24, -0.43, -0.78, -0.21
19277, 6.89, 6.44, -2.46, 42.85, -19.50, -106.46, 0.25, 0.54, -0.08
19523, 7.30, 6.55, -3.72, 39.65, -18.17, -109.35, -0.05, 0.04, 0.40
19769, 4.39, 7.35, -4.21, 33.81, -19.98, -107.82, 0.44, 1.18, 0.56
20017, 4.14, 12.13, -2.76, 32.43, -20.67, -105.41, 0.71, 0.87, -0.37
20262, 3.22, 8.42, -3.96, 37.75, -17.38, -105.96, 0.72, 1.00, -0.70
20510, 1.08, 10.23, 0.34, 41.98, -11.05, -111.14, 0.97, 1.98, -0.50
20756, 6.74, 7.67, -1.12, 44.45, -11.59, -106.14, 0.55, 1.15, 0.09
21010, 3.56, 9.43, -2.41, 44.30, -14.51, -103.33, 0.11, 0.57, -0.12
21258, 3.71, 8.36, -2.39, 42.08, -15.71, -101.10, 0.16, 0.36, 0.10
21504, 2.44, 9.26, -2.04, 42.78, -14.54, -98.67, 0.23, 0.27, -0.33
21749, 4.19, 9.12, -0.34, 46.35, -10.48, -99.85, 0.62, -0.26, -0.33
21997, 3.60, 9.14, -0.75, 46.19, -9.63, -98.13, 0.54, 1.51, 0.50
22243, 3.79, 7.80, -0.57, 39.90, -15.87, -90.02, 0.57, 1.14, 0.35
22489, 2.34, 5.95, -5.33, 37.62, -13.49, -82.81, -0.92, -0.20, -0.55
22736, 2.57, 8.90, -3.71, 38.95, -8.81, -75.97, -0.19, 0.71, -0.65
22990, 5.27, 9.32, -3.87, 43.83, -3.08, -77.42, -0.13, -0.86, -0.58
23238, 5.25, 6.89, -2.67, 47.84, 0.13, -79.76, 0.04, 0.47, -0.23
23484, 3.19, 8.67, -2.25, 42.69, -5.25, -75.87, 0.93, 1.10, 0.61
23730, 3.85, 7.18, -3.83, 35.43, -14.95, -77.13, 0.75, 0.42, 0.06
23977, 1.14, 8.66, -4.00, 34.74, -11.08, -74.26, -0.53, 0.26, -0.47
24223, 2.85, 8.44, -3.58, 37.05, -5.66, -72.11, -0.26, -0.34, -0.63
24471, 6.22, 6.71, -2.54, 43.66, -3.95, -76.38, 0.12, 0.48, -0.42
24725, 3.65, 8.20, -1.54, 40.11, -4.55, -71.82, 0.42, 0.77, 0.20
24971, 5.38, 8.48, -2.04, 31.69, -11.81, -70.74, 0.81, 0.71, 0.60
25217, 3.66, 8.12, -1.35, 22.83, -17.71, -73.00, 0.40, 0.63, 0.18
25464, 2.70, 9.16, -1.22, 19.76, -16.85, -70.32, -0.39, 0.36, -0.23
25710, 4.56, 7.91, -2.55, 21.34, -11.87, -65.19, -0.45, 0.25, -0.47
25958, 3.97, 8.27, -3.69, 25.42, -7.19, -63.48, 0.08, 0.35, -0.54
26204, 4.50, 7.35, -3.23, 35.02, -7.32, -67.71, 0.75, 0.12, 0.19
26449, 5.55, 9.34, -1.59, 28.30, -10.52, -67.33, 0.37, 0.22, 0.27
26710, 4.24, 8.03, -2.11, 19.06, -15.92, -68.33, 0.80, 0.66, 0.34
26957, 2.22, 9.09, -0.70, 10.77, -20.96, -75.01, 0.81, 1.45, 0.20
27203, 9.47, 11.37, -5.22, 7.45, -21.89, -74.42, -0.89, -0.94, -0.94
27449, 1.85, 7.67, -3.26, 8.35, -17.13, -69.10, -0.35, 0.08, -0.41
27697, 3.62, 9.49, -7.01, 16.98, -14.78, -67.51, -0.22, -0.28, -0.20
27942, 1.39, 9.89, -1.05, 16.50, -17.86, -70.20, 1.19, 0.28, 1.13
28190, 14.05, 9.75, -11.50, 5.57, -21.97, -77.30, -0.73, 1.40, -1.48
28450, 1.58, 8.14, -4.19, 5.70, -17.58, -71.57, -0.29, 0.50, -0.38
28702, 4.48, 8.06, -3.20, 12.53, -14.53, -67.47, -0.49, -0.70, -0.47
28954, 5.84, 8.48, -4.00, 19.94, -12.69, -67.04, 0.07, -0.34, -0.05
29206, 3.06, 7.96, -1.78, 11.47, -20.37, -74.13, 1.33, 0.48, 0.93
29460, 2.09, 8.44, -0.55, 3.98, -23.90, -80.42, 0.09, 1.40, -0.12
29712, 4.88, 7.39, -2.22, 4.97, -21.22, -74.64, -0.84, -0.67, -0.37
29964, 3.24, 8.92, -3.67, 13.53, -20.43, -71.06, 0.14, 0.04, -0.39
30216, 5.69, 8.09, -1.23, 12.32, -22.67, -72.13, 0.63, 0.24, 0.27
30478, 5.12, 7.96, -1.83, 5.42, -26.92, -81.25, 0.80, 1.10, 0.45
30724, 4.46, 9.77, 0.37, 1.56, -27.40, -82.21, -0.38, 0.61, -0.14
30971, 2.50, 9.06, -2.36, 1.83, -26.45, -79.93, -0.24, 0.19, -0.31
31217, 5.57, 8.72, -6.48, 7.56, -25.29, -75.99, -0.45, -1.23, -0.22
31465, 4.36, 7.34, -3.30, 12.86, -25.34, -74.80, 0.08, -0.19, -0.09
31711, 3.69, 7.78, -2.52, 5.33, -27.83, -85.46, 0.96, 0.45, 0.71
31956, 3.04, 8.48, -4.16, 5.26, -27.57, -85.00, -0.51, -0.08, -0.17
32210, 4.56, 10.40, -2.36, 10.08, -27.14, -81.64, -0.01, -0.64, -0.55
32458, 6.84, 6.63, -0.40, 13.14, -27.19, -83.92, 0.48, 1.17, -0.14
32706, 5.32, 8.06, -1.06, 7.02, -27.76, -87.77, 0.41, 0.85, 0.24
32952, 3.54, 7.52, -1.13, 2.43, -27.32, -93.29, 0.41, 0.49, 0.26
33200, 4.24, 8.19, -1.52, 3.64, -27.52, -90.51, -0.41, -0.19, -0.32
33445, 3.24, 8.07, -3.69, 7.97, -27.52, -89.67, -0.00, -0.21, -0.53
33693, 4.44, 8.82, -1.62, 14.76, -28.76, -90.94, 0.15, -1.24, 0.42
33939, 4.93, 8.41, -0.46, 5.86, -27.81, -94.97, 0.34, 0.03, 0.68
34195, 3.12, 7.69, -0.34, -2.84, -25.83, -97.91, -0.01, 0.59, 0.42
34443, 3.97, 7.79, -1.79, -0.66, -25.64, -95.79, -0.40, 0.34, -0.33
34689, 2.08, 9.32, -3.41, 3.11, -25.26, -89.94, -0.37, 0.02, -0.41
34936, 5.19, 8.27, -2.93, 9.68, -27.00, -88.10, 0.05, -0.21, -0.48
35182, 2.58, 7.82, -1.26, 11.91, -27.05, -86.50, -0.40, -0.13, 0.58
35430, 5.09, 8.84, -0.31, 2.31, -26.24, -86.70, -0.06, 0.17, 0.65
35676, 6.33, 10.59, -5.77, 0.94, -26.12, -85.18, -0.78, -0.16, -0.90
36186, 8.93, 10.28, -7.45, 12.99, -26.48, -79.06, -0.49, -2.14, 0.16
36505, 4.28, 9.11, -1.13, 7.92, -26.56, -77.73, -0.05, -0.64, 0.74
36751, 3.43, 8.83, -1.06, 0.91, -28.38, -80.18, 0.33, 0.33, 0.32
36999, 7.59, 10.28, -5.37, -4.14, -29.09, -80.09, -1.33, -0.69, -1.29
37244, 1.93, 8.90, -3.31, -0.58, -23.18, -70.17, -0.38, -0.45, -0.29
37492, 9.85, 8.11, -3.82, 14.13, -22.70, -63.84, -0.20, -2.11, -0.12
37738, 4.10, 7.75, -1.20, 15.48, -20.53, -62.76, 0.30, 1.09, 0.09
37986, 4.24, 8.63, -1.37, 6.99, -23.68, -67.85, 0.83, 0.47, 0.58
38240, 4.10, 7.65, -0.49, 4.02, -27.08, -77.32, 0.22, -0.25, 0.13
38488, 1.59, 9.39, -3.15, 4.05, -22.74, -71.66, -0.70, 0.34, -0.27
38920, 7.06, 9.02, -3.29, 22.07, -15.89, -64.60, -0.11, -1.37, -0.48
39190, 4.51, 7.30, -0.88, 22.96, -15.30, -65.08, 0.38, 0.35, 0.26
39438, 3.56, 9.17, -0.46, 17.87, -20.80, -70.29, 1.07, 0.24, 0.49
39684, 8.26, 8.77, -5.75, 10.57, -24.12, -74.13, -0.52, 0.21, -1.09
39931, 2.48, 8.82, -3.05, 12.07, -19.69, -68.62, -0.49, 0.03, -0.93
40185, 4.30, 7.70, -7.31, 26.95, -16.44, -66.15, -0.72, -1.48, 0.34
40431, 5.11, 7.98, 0.16, 21.10, -20.80, -70.61, 0.88, -0.68, 1.38
40679, 3.02, 11.05, -0.15, 11.88, -25.46, -77.33, 0.72, 1.57, 0.24
40925, 3.98, 9.33, -0.45, 10.82, -21.56, -69.98, -0.81, -0.13, -0.35
41172, 2.27, 9.55, -1.30, 15.81, -18.06, -66.44, -0.33, -0.45, -0.71
41418, 8.33, 7.02, -3.09, 24.99, -15.16, -66.05, -0.28, -0.08, -0.33
41666, 4.94, 8.46, -1.72, 19.67, -21.40, -71.76, 1.23, 0.13, 0.98
41912, 8.51, 14.42, -2.73, 14.70, -25.87, -75.65, -0.18, 1.02, -0.88
42172, 1.69, 8.73, -2.91, 15.21, -20.07, -68.99, -0.75, -0.47, -0.31
42420, 4.51, 10.10, -1.86, 23.19, -16.52, -67.22, -0.06, -0.71, -0.68
42665, 1.83, 7.73, -2.43, 28.44, -14.32, -68.06, 0.19, 1.73, 0.10
42913, 4.10, 9.06, -1.60, 14.95, -20.05, -69.13, 0.91, 0.91, 0.90
43159, 3.82, 7.71, -1.59, 11.43, -26.91, -78.25, 0.10, -0.57, 0.15
43407, 3.93, 8.33, -3.08, 10.06, -23.28, -73.27, -0.61, 0.45, -0.31
43653, 3.19, 8.81, -3.06, 13.65, -18.88, -67.47, -0.41, -0.18, -0.44
43907, 6.85, 9.48, -2.51, 27.21, -16.50, -67.28, 0.16, -1.53, -0.29
44154, 5.32, 7.70, -0.01, 29.42, -15.23, -68.37, 0.22, -0.34, 0.33
44400, 5.89, 7.65, 0.45, 20.75, -24.29, -74.85, 0.77, -0.09, 0.80
44648, 4.18, 9.54, -0.80, 15.49, -24.36, -72.22, -0.48, 0.09, 0.31
44894, 4.12, 8.89, -1.94, 16.68, -18.71, -67.68, -0.54, 0.07, -0.50
45142, 6.00, 12.08, -2.85, 27.29, -15.65, -66.31, -0.07, -1.01, -0.61
45387, 3.40, 8.32, 1.65, 30.20, -13.77, -68.44, 0.61, 0.27, 0.59
45635, 4.64, 7.76, 0.40, 25.01, -22.98, -74.85, 1.04, 0.78, 0.46
45889, 3.09, 5.54, -5.96, 18.81, -23.59, -74.17, -1.34, 0.69, 0.21
46137, 2.65, 8.17, -5.55, 19.38, -16.95, -66.84, -0.10, 0.67, -0.51
46383, 4.14, 8.51, -1.59, 24.73, -12.63, -64.22, -0.20, -0.28, -0.46
46630, 3.49, 10.04, -4.19, 35.09, -11.72, -67.29, 0.35, -0.38, -0.12
46876, 4.66, 7.33, -0.73, 31.35, -14.85, -68.53, 0.80, 0.55, 0.47
47124, 3.63, 6.84, 0.64, 25.18, -23.88, -76.81, 0.51, 0.05, 0.67
47370, 5.91, 7.44, -4.08, 18.91, -19.44, -68.93, -0.90, 0.65, -0.20
47624, 2.15, 8.72, -5.80, 18.27, -12.89, -62.73, -0.49, -0.39, -0.13
47872, 2.34, 8.74, -0.79, 23.11, -9.08, -62.25, -0.45, -0.79, -0.42
48117, 4.72, 7.46, -0.09, 28.57, -7.53, -62.60, 0.44, 0.38, 0.21
48365, 4.22, 7.42, -2.55, 28.82, -18.75, -71.73, 0.97, 0.47, 0.60
48611, 2.33, 8.58, -1.63, 24.96, -15.92, -67.28, -0.74, 0.05, -0.15
48859, 2.88, 7.49, -4.52, 27.04, -9.05, -63.81, -0.62, -0.04, -0.32
49104, 7.34, 10.98, -3.20, 34.62, -5.74, -62.83, 0.04, -0.76, -0.33
49352, 5.24, 7.84, 2.85, 35.84, -6.30, -64.76, 0.98, 0.59, 0.50
49606, 5.53, 8.44, -1.25, 31.20, -15.59, -68.47, 0.90, 0.37, 0.32
49854, 1.28, 7.39, 0.24, 27.89, -20.13, -72.58, 0.16, 0.82, 0.42
50100, 1.84, 9.86, -2.80, 25.34, -12.28, -65.08, -0.67, 0.52, -0.54
50345, 4.66, 7.60, -1.01, 29.07, -7.35, -61.81, -0.61, -0.78, -0.45
50593, 7.91, 6.14, -4.82, 36.73, -7.44, -64.81, 0.48, 0.02, -0.01
50839, 5.73, 6.61, -2.70, 33.18, -9.21, -65.48, 0.58, 0.75, 0.07
51087, 4.00, 8.93, -2.60, 30.04, -11.75, -67.51, 0.72, 0.87, 0.30
51341, 3.90, 8.02, -3.18, 26.05, -11.90, -64.73, -0.30, 0.70, -0.30
51587, 3.66, 7.95, -3.03, 21.91, -9.38, -60.10, -0.37, -0.15, -0.38
51834, 2.85, 6.99, -3.85, 31.15, -7.45, -61.66, 0.20, -0.09, -0.16
52080, 3.76, 8.39, -4.75, 28.18, -13.20, -64.73, 0.62, 0.43, 0.42
52326, 2.27, 7.48, -1.55, 20.48, -20.39, -68.68, 1.11, 0.76, 0.05
52574, 2.77, 9.07, -1.89, 15.57, -21.76, -70.32, -0.43, 1.60, -0.68
52819, 4.41, 8.26, -4.40, 13.78, -17.48, -64.54, 0.05, 0.70, -0.71
53067, 7.50, 4.83, -4.23, 22.23, -18.42, -65.40, 0.03, 0.26, -0.25
53321, 4.90, 8.97, -1.51, 13.23, -24.69, -72.52, 1.53, 1.14, 0.62
53569, 0.43, 10.34, 0.91, 3.92, -30.20, -88.61, 0.94, 1.07, 0.36
53815, 3.84, 9.16, -4.42, 5.32, -26.53, -79.66, -0.62, 0.19, -0.27
54063, 4.10, 8.21, -4.27, 9.76, -25.67, -77.64, -0.16, 0.06, -0.78
54308, 5.70, 7.12, -3.10, 19.22, -26.31, -78.44, 0.26, -0.24, 0.05
54556, 5.44, 6.94, -2.30, 12.29, -28.72, -85.34, 1.11, 0.85, 0.58
54802, 2.65, 7.10, -0.49, 3.52, -29.85, -95.57, 0.32, 1.31, 0.32
55048, 3.16, 9.09, -3.29, 5.55, -29.98, -93.25, -0.21, 0.79, -0.63
55302, 3.78, 8.94, -1.77, 12.45, -30.68, -91.13, 0.17, -0.19, -0.62
55549, 6.05, 6.07, -3.69, 18.44, -30.84, -94.72, 0.15, -0.08, -0.24
55795, 4.21, 8.64, 1.62, 12.55, -29.83, -99.11, 0.90, 0.21, 0.97
56043, 2.90, 7.38, -1.11, 4.12, -28.34, -109.85, 1.18, 1.87, 0.57
56289, 3.60, 7.86, -1.73, 10.23, -28.33, -109.79, -0.48, 0.18, -0.25
56537, 3.14, 8.28, -3.21, 12.92, -29.49, -104.66, -0.35, -0.44, -0.54
56782, 6.20, 8.06, -5.34, 18.68, -30.91, -105.66, -0.06, -0.98, -0.22
57042, 4.64, 8.86, -0.03, 16.90, -28.71, -109.94, 0.42, -0.26, 0.38
57290, 4.16, 8.93, -0.87, 13.26, -25.94, -118.59, 0.75, 0.43, 0.66
57536, 7.60, 6.20, -2.43, 16.22, -24.96, -121.25, -0.82, 0.41, -0.68
57784, 1.87, 9.24, -0.67, 18.62, -25.78, -113.72, -0.02, 0.28, -0.17
58030, 3.42, 9.24, 0.20, 21.82, -27.58, -110.82, -0.04, -0.23, -0.36
58277, 7.30, 10.33, 0.63, 27.36, -28.05, -113.88, 0.66, -0.48, -0.09
58525, 3.19, 8.32, 0.50, 25.02, -24.96, -117.10, 0.13, -0.58, 0.62
58783, 6.69, 6.53, 0.98, 21.97, -21.76, -122.48, 0.19, -0.09, 0.96
59035, 1.04, 10.36, 0.56, 26.29, -23.30, -116.57, -0.31, 0.97, -0.33
59287, 5.61, 8.07, -2.17, 31.79, -23.84, -108.68, -0.57, -0.31, -0.42
59539, 4.50, 8.69, -3.37, 33.50, -24.36, -107.19, 0.05, -0.65, -0.57
59791, 4.93, 9.09, 2.56, 30.88, -23.18, -114.26, 1.31, 1.71, 0.55
60043, 3.69, 7.71, -0.30, 23.97, -22.41, -120.49, 1.45, 1.34, 0.47
60295, 2.79, 9.08, -2.61, 29.35, -21.27, -116.05, -0.28, 1.16, -0.82
60549, 4.18, 9.86, -2.51, 37.02, -19.82, -109.44, -0.38, -0.24, -0.62
60809, 4.86, 5.83, -1.26, 40.02, -17.29, -112.96, 0.46, 0.73, -0.07
61054, 4.24, 7.30, -2.28, 39.86, -16.25, -112.51, 0.86, 0.60, 0.34
61302, 4.02, 8.79, -0.48, 38.97, -16.97, -113.69, 0.68, 0.15, 0.36
61548, 2.89, 6.79, -1.28, 37.61, -17.16, -116.16, -0.28, 0.13, 0.21
61794, 3.76, 8.31, -1.12, 41.58, -16.97, -108.01, -0.87, -0.38, -0.14
62042, 2.17, 9.32, -2.52, 44.55, -15.01, -103.54, -0.82, -0.91, -0.44
62289, 4.10, 7.45, 0.29, 47.21, -12.20, -105.85, 0.04, -0.11, 0.09
62541, 4.27, 6.90, -0.11, 40.18, -15.93, -114.67, 0.72, -0.70, 0.97
62789, 8.12, 9.14, -1.88, 40.15, -18.21, -111.37, -0.74, 0.57, -0.20
63037, 2.15, 9.72, -1.99, 40.32, -17.95, -106.50, -0.49, 0.21, -0.46
63283, 5.20, 11.50, -3.48, 43.48, -17.29, -107.07, -0.46, -0.74, -0.54
63531, 3.61, 8.13, 1.37, 43.76, -14.67, -111.56, 1.14, 1.13, 0.41
63776, 3.73, 7.60, 0.95, 37.83, -16.54, -116.76, 0.80, 0.96, 0.47
64024, 2.18, 7.31, -2.67, 39.24, -16.76, -113.26, -0.78, 1.01, 0.07
64270, 2.28, 9.04, -2.62, 41.58, -17.14, -103.35, -0.52, -0.34, -0.05
64526, 6.04, 8.20, -4.79, 43.74, -16.59, -102.27, -0.96, -1.15, -0.42
64774, 4.56, 10.51, -2.98, 46.08, -13.80, -107.00, 0.53, -0.65, -0.09
65019, 5.23, 7.67, -0.78, 44.40, -14.02, -111.50, 1.34, 0.15, 0.94
65267, 4.44, 6.53, 0.44, 38.82, -16.85, -116.90, -0.20, -0.60, 0.70
65513, 5.57, 8.02, -1.69, 41.68, -17.70, -108.32, -0.65, 0.68, -0.26
65761, 3.06, 8.75, -3.82, 41.65, -17.70, -103.00, -0.69, -0.47, -0.29
66009, 10.42, 11.38, -0.25, 45.56, -16.09, -105.51, 0.29, -1.11, -0.66
66263, 4.87, 8.29, -2.98, 46.30, -14.03, -106.66, 0.73, 0.46, 0.28
66508, 4.79, 7.35, -0.39, 44.15, -14.50, -113.67, 0.94, -0.03, 0.29
66756, 15.26, 11.20, -2.04, 42.40, -16.00, -111.71, -0.68, 0.27, -0.81
67002, 1.95, 9.31, -3.06, 41.73, -16.59, -103.58, -0.96, -0.57, -0.14
67250, 4.21, 7.46, -4.55, 44.68, -13.43, -100.22, -0.66, -0.46, -0.69
67497, 3.45, 7.57, -1.14, 47.91, -11.21, -103.99, 0.23, -0.02, 0.07
67743, 4.72, 7.32, -1.83, 46.05, -12.42, -109.68, 0.75, 0.18, 0.46
67999, 3.21, 8.03, -0.70, 40.60, -15.77, -112.72, 0.15, -0.09, 0.80
68499, 2.16, 8.93, -3.42, 43.36, -15.10, -100.76, -0.24, 0.28, -0.55
68780, 4.26, 9.42, -2.88, 44.72, -14.66, -107.18, 0.23, -1.03, 0.03
69025, 6.26, 7.86, 0.46, 44.55, -13.39, -107.72, 0.26, -0.71, 0.50
69273, 4.72, 7.69, -0.98, 42.28, -14.62, -113.49, 0.85, 0.73, 0.22
69519, 4.67, 9.95, -0.15, 39.61, -15.71, -114.94, -0.11, 0.66, -0.08
69767, 4.40, 8.90, -2.67, 42.55, -14.97, -104.74, -0.87, 0.36, -0.37
70012, 3.68, 7.99, -3.24, 45.97, -11.49, -101.80, -0.43, -0.13, -0.63
70266, 6.70, 8.10, -3.11, 46.48, -11.25, -107.28, 0.46, 0.77, -0.22
70514, 5.56, 8.13, -1.44, 42.79, -11.66, -111.17, 0.87, 0.21, 0.42
70760, 3.26, 8.92, -0.56, 42.69, -12.79, -111.77, -0.54, 0.36, 0.18
71008, 4.71, 7.86, -4.46, 42.85, -14.53, -106.12, -0.06, 0.35, -0.43
71254, 7.55, 7.18, -5.51, 44.55, -13.52, -109.35, -0.52, -2.16, 0.01
71501, 5.62, 8.47, -0.46, 42.30, -11.43, -113.74, -0.03, -0.19, -0.22
71747, 3.79, 7.83, 0.08, 41.44, -11.50, -115.32, 0.62, 0.35, 0.54
72003, 4.33, 8.55, 0.22, 40.24, -12.98, -114.10, -0.45, -0.32, -0.09
72255, 2.91, 9.19, 1.07, 38.98, -14.91, -115.58, -0.04, -0.18, -0.50
72501, 6.85, 8.00, 0.82, 39.23, -13.71, -119.76, -0.69, -0.97, -0.13
72749, 2.55, 9.28, 2.09, 37.64, -13.49, -118.39, 0.66, 0.21, 0.59
72994, 3.46, 7.30, -1.10, 32.51, -14.97, -123.46, -0.00, 0.28, 0.43
73242, 3.56, 8.03, 1.15, 34.95, -16.87, -121.19, -0.27, 0.28, -0.51
73488, 3.28, 10.25, -0.27, 34.26, -16.02, -121.76, -0.14, -0.77, -0.37
73742, 7.24, 7.06, 0.46, 38.12, -14.53, -121.21, -0.08, 0.59, -0.37
73990, 3.41, 8.74, 1.85, 39.02, -13.74, -121.28, 1.29, 0.90, 1.02
74235, 12.95, -0.17, -5.40, 33.22, -15.76, -126.57, -1.10, -0.80, -0.39
74483, 3.07, 9.18, -2.60, 32.15, -18.01, -120.52, -0.32, -0.00, -0.46
74731, 3.30, 7.90, -0.86, 36.38, -17.76, -120.07, -0.09, -0.46, -0.83
74977, 4.08, 9.19, 0.37, 40.69, -15.77, -115.93, 0.35, 0.22, 0.44
75223, 3.06, 6.90, 0.12, 35.98, -16.57, -123.37, 0.85, -0.53, 0.87
75470, 3.21, 8.65, -2.30, 29.00, -19.58, -124.25, 0.11, 0.32, 0.34
75724, 1.48, 9.34, -1.73, 33.43, -20.64, -120.97, -0.44, -0.38, -0.60
75972, 5.28, 8.65, -0.07, 40.13, -16.40, -120.89, -0.27, -0.29, -0.36
76218, 4.19, 8.02, -0.32, 39.33, -14.89, -117.00, 0.29, 0.70, 0.15
76466, 4.37, 8.09, -0.15, 36.98, -14.89, -114.18, 0.86, 0.53, 0.62
76711, 5.24, 6.93, -3.26, 33.44, -16.05, -111.24, -0.65, 0.22, 0.13
76957, 0.75, 9.50, -1.58, 30.99, -17.23, -105.20, -0.72, 0.01, -0.47
77205, 5.46, 8.19, -3.16, 34.33, -15.23, -107.73, 0.04, -0.86, -0.66
77459, 3.89, 8.04, -1.73, 36.93, -14.32, -110.65, -0.19, 0.04, -0.08
77705, 4.72, 8.28, -0.68, 36.03, -15.49, -110.58, 0.76, 0.69, 0.44
77953, -1.18, 8.38, 4.22, 32.21, -16.31, -116.18, 1.02, 0.33, 0.98
78198, 4.48, 8.90, -3.69, 31.95, -18.15, -114.13, 0.02, 0.34, -0.66
78446, 2.17, 9.01, -2.87, 34.17, -15.89, -117.73, -0.01, -0.55, -0.36
78692, 2.58, 8.40, -0.28, 34.96, -16.25, -116.44, -0.14, 0.27, 0.07
78940, 4.14, 8.36, -0.27, 33.72, -16.11, -116.52, 0.43, -0.06, 0.25
79194, 3.98, 8.52, -0.45, 33.78, -15.59, -116.56, 0.28, 0.70, 0.20
79439, 3.58, 9.01, 0.44, 34.45, -16.47, -114.19, -0.53, 0.37, -0.01
79687, 3.07, 8.08, -3.15, 33.84, -18.40, -109.43, -0.75, -0.30, -0.45
79933, 5.04, 8.48, -1.57, 38.89, -15.01, -106.40, -0.52, -0.31, -1.19
80181, 6.86, 5.89, -0.55, 42.96, -12.58, -107.78, 0.03, 1.04, -0.15
80427, 5.04, 9.03, -1.98, 40.63, -16.09, -109.19, 0.86, -0.06, 1.02
80674, 4.27, 6.27, -0.68, 31.95, -19.39, -116.06, 0.48, -0.12, 0.81
80920, 0.10, 10.15, 0.28, 32.48, -19.45, -110.96, -0.44, 0.54, -0.52
81174, 3.33, 9.00, -3.78, 35.98, -17.36, -106.04, -0.40, -0.38, -0.60
81422, 4.54, 7.96, -3.66, 37.69, -16.09, -113.20, -0.09, -0.36, -0.48
81668, 3.87, 8.15, -1.03, 40.65, -13.77, -112.01, 0.18, 0.44, -0.03
81915, 4.95, 8.55, -1.48, 41.25, -14.35, -111.30, 1.06, 1.05, 0.30
82161, 3.36, 8.80, -0.22, 38.67, -15.81, -114.43, 0.58, 0.50, 0.57
82407, -1.46, 10.25, -4.45, 34.17, -18.17, -110.92, -0.50, -0.01, -0.36
82655, 3.02, 8.85, -2.99, 39.68, -16.40, -106.81, -0.16, -0.03, -0.77
82909, 4.53, 6.70, 0.82, 45.28, -10.82, -108.36, 0.11, -0.01, -0.54
83156, 6.54, 7.50, -1.42, 48.16, -6.69, -105.38, -0.01, 0.75, -0.30
83402, 5.02, 9.22, -0.71, 47.05, -9.27, -103.79, 1.44, 0.11, 0.79
83650, 1.59, 8.34, 1.35, 41.87, -14.09, -110.87, 1.14, 0.59, 1.07
83896, -2.30, 9.06, -1.42, 39.16, -17.14, -110.63, -0.65, 0.53, -0.11
84142, 1.81, 9.39, -0.67, 42.03, -14.40, -105.28, -0.34, -0.25, -0.84
84389, 4.79, 6.95, -0.77, 47.82, -8.08, -107.07, 0.18, 0.75, -0.71
84635, 3.55, 8.45, 0.91, 50.70, -2.69, -101.72, 0.55, 1.13, -0.06
84889, 5.45, 8.33, 0.99, 48.54, -6.26, -98.49, 1.19, 1.10, 0.59
85135, 3.22, 7.64, 0.48, 44.24, -13.21, -97.34, 0.77, 0.94, 0.71
85383, -2.73, 11.05, 5.17, 41.65, -14.13, -88.63, 0.12, 0.35, 0.28
85628, 4.76, 9.41, -0.22, 44.43, -10.11, -86.23, -0.50, -0.85, -0.54
85876, 5.67, 7.07, 0.54, 48.45, -6.97, -92.74, 0.04, -0.11, -0.30
86122, 5.60, 7.36, 0.31, 50.12, -3.79, -92.63, 0.07, 0.00, -0.23
86368, 5.17, 7.71, -0.98, 51.53, -2.85, -91.73, -0.01, 0.14, -0.19
86624, 6.08, 7.04, -1.00, 51.13, -2.53, -88.45, -0.13, 0.10, -0.05
86870, 4.46, 9.45, 0.96, 46.42, -9.08, -86.28, 0.49, 0.55, 0.89
87121, 4.02, 5.88, 0.12, 36.61, -16.44, -83.16, 0.26, 1.06, 0.45
87367, 1.53, 9.96, -0.04, 36.19, -15.33, -77.83, -0.55, -0.24, -0.22
87615, 3.57, 9.06, -0.83, 39.75, -10.45, -76.62, -0.43, -0.63, -0.38
87861, 4.63, 9.94, -0.40, 46.81, -8.96, -86.17, 0.94, -0.27, -0.53
88109, 2.40, 9.24, -1.30, 44.68, -6.02, -79.87, 0.02, 1.66, 0.27
88354, 4.48, 8.99, -2.12, 37.85, -12.57, -75.62, 0.71, 0.70, 0.47
88621, 2.86, 9.03, -1.00, 30.53, -17.54, -75.80, 0.35, 0.70, 0.05
88866, 3.83, 8.86, -3.50, 27.54, -16.95, -72.08, -0.63, -0.12, -0.24
89114, 3.74, 8.70, -1.32, 31.31, -11.75, -68.94, 0.03, 0.18, -0.61
89360, 5.43, 11.82, -2.87, 41.42, -9.13, -74.45, 0.40, -1.79, -0.39
89606, 4.91, 8.72, -0.80, 40.68, -10.51, -77.26, -0.03, 0.70, 0.48
89853, 4.90, 7.44, 0.37, 23.09, -19.60, -73.94, 0.93, 0.80, 0.81
90099, 3.33, 10.83, 1.96, 12.64, -24.19, -78.05, 0.46, 0.03, 0.56
90353, -0.47, 8.97, -0.96, 11.87, -19.26, -71.40, -0.21, -0.14, -0.19
90599, 2.69, 8.88, -2.85, 15.21, -17.48, -68.49, -0.29, 0.41, -0.60
90847, 3.47, 8.68, -1.93, 19.98, -13.99, -65.74, -0.49, -0.87, -0.62
91092, 4.86, 7.30, 0.04, 27.39, -15.30, -69.77, 0.58, 1.07, 0.24
91338, 3.44, 8.84, -1.49, 23.55, -20.75, -74.76, 0.99, 1.12, 0.40
91584, 3.84, 9.12, -0.89, 13.68, -24.42, -76.57, 0.30, 0.95, 0.48
91832, 2.39, 8.79, -0.20, 10.10, -21.67, -73.60, -0.34, -0.11, -0.22
92078, 3.10, 8.02, -2.32, 11.53, -18.34, -69.07, -0.29, 0.38, -0.74
92332, 12.34, 9.57, -3.13, 22.22, -14.70, -67.44, -0.18, -2.21, 0.14
92577, 5.84, 7.71, -0.61, 22.60, -13.55, -67.77, 0.63, -0.04, 0.55
92825, 4.91, 7.65, -0.69, 11.79, -21.66, -74.98, 1.02, 1.00, 0.69
93071, 0.27, 9.52, -1.31, 5.90, -20.08, -73.60, -0.81, 0.19, -0.24
93317, 2.50, 8.75, -2.19, 10.13, -15.52, -68.33, 0.09, 0.09, -0.68
93564, 4.65, 7.53, -5.80, 21.88, -15.62, -70.30, 0.10, -1.52, -0.07
93810, 6.23, 8.41, -1.30, 18.49, -18.75, -71.63, 0.28, 1.20, 0.46
94066, 3.11, 9.42, -1.79, 9.54, -23.50, -77.89, 0.42, -0.53, 0.68
94312, 2.75, 6.00, -2.36, 4.88, -24.57, -79.39, -0.92, 0.12, -0.12
94558, 2.43, 9.00, -2.87, 7.78, -22.57, -74.29, -0.14, 0.14, -0.51
94806, 5.56, 9.80, -5.27, 15.10, -22.95, -73.82, -0.03, -0.49, -0.65
95051, 4.20, 7.05, -0.64, 14.32, -22.62, -74.44, 0.26, 0.74, 0.15
95297, 4.47, 7.79, -1.76, 5.38, -25.96, -78.91, 0.99, 1.31, 0.44
95545, 2.78, 9.82, -0.59, -0.13, -27.84, -87.02, 0.43, 0.60, 0.48
95791, 10.20, 3.68, -7.07, -4.19, -27.89, -90.65, -0.78, -1.04, 0.06
96045, 0.96, 10.00, -2.05, -5.09, -25.14, -85.40, -0.60, -0.15, -0.27
96290, 3.89, 7.36, 0.01, 4.56, -27.19, -84.52, 0.76, -0.66, -0.77
96538, 4.64, 7.68, -1.59, 9.06, -28.40, -84.89, -0.02, 0.69, -0.27
96784, 4.05, 8.57, -0.91, 6.93, -28.28, -87.68, 0.56, 0.50, 0.42
97030, 3.28, 8.87, -0.41, 2.15, -28.19, -96.16, 0.36, 0.52, 0.45
97277, 3.69, 8.44, 0.11, -0.89, -26.72, -101.49, 0.02, 0.92, 0.10
97523, 3.32, 8.48, -5.18, 0.03, -27.32, -95.85, -0.55, 0.37, -0.26
97777, 4.20, 8.42, -2.94, 6.81, -27.13, -90.12, -0.53, -1.35, -0.57
98025, 4.95, 6.28, -0.93, 11.28, -27.05, -90.30, -0.16, 0.06, 0.08
98271, 3.84, 8.78, -1.49, 4.41, -27.02, -93.09, 0.47, 0.43, 0.73
98516, 3.25, 8.59, -1.63, -4.09, -25.94, -101.26, 0.43, 0.45, 0.52
98764, 2.07, 15.07, 0.10, -5.60, -24.28, -99.97, 0.04, -0.00, -0.44
99010, 3.22, 9.18, -2.84, -4.33, -24.54, -94.37, -0.32, 0.02, -0.31
99258, 2.66, 9.15, -3.12, -1.70, -24.79, -92.66, -0.24, -0.57, -0.25
99504, 5.82, 7.76, -1.02, 3.57, -25.90, -92.53, 0.35, -1.41, -0.40
99758, 3.01, 8.56, -0.13, 4.14, -26.10, -94.08, 0.35, 0.64, 0.37
100003, 2.55, 8.97, -0.14, -3.10, -25.43, -95.60, -0.02, -0.22, 0.59
100251, 2.03, 17.47, 1.47, -4.95, -24.63, -93.96, 0.02, 2.10, 0.26
100497, 0.39, 10.41, -2.49, -7.22, -21.48, -87.31, -0.75, -0.35, 0.16
100743, 2.74, 8.26, -4.10, -4.30, -21.10, -81.72, -0.31, -0.61, -0.20
100990, 2.62, 9.67, -1.53, 1.62, -21.51, -80.12, 0.44, -1.05, -0.46
101236, 2.82, 7.65, 1.71, 12.22, -25.48, -81.13, 0.36, 0.23, 0.16
101492, 3.08, 9.08, -0.11, 7.53, -27.55, -83.69, 0.60, 0.07, 0.56
101738, 3.57, 8.57, 0.63, 1.07, -28.09, -87.07, 0.07, 0.00, 0.41
101990, 2.00, 9.66, -2.76, -2.88, -25.93, -83.75, -0.93, -0.67, -0.02
102236, 2.01, 9.74, -1.34, -2.51, -24.80, -79.42, -0.71, -0.33, -0.43
102483, 3.11, 8.99, -1.40, 2.89, -22.20, -72.83, -0.41, -0.14, -0.45
102729, 2.03, 10.60, -3.58, 10.23, -20.02, -69.41, -0.32, -0.33, -0.85
102977, 2.64, 8.32, 0.63, 16.14, -20.78, -70.72, 0.67, 0.17, 0.35
103223, 2.48, 8.62, -1.35, 9.43, -27.16, -79.10, 0.73, -0.23, 0.88
103477, 3.06, 7.42, 0.04, 2.88, -29.47, -83.51, -0.65, -0.98, 0.45
103725, 1.26, 17.35, 0.48, -0.26, -23.63, -74.85, 0.29, 0.78, 0.21
103970, 4.03, 8.17, -1.65, 4.74, -22.68, -71.82, -0.31, 0.46, -0.67
104216, 5.29, 8.42, -3.52, 11.96, -18.47, -67.63, -0.26, -0.66, -0.63
104464, 4.49, 8.57, -1.90, 21.21, -19.76, -70.74, 0.18, -0.11, 0.08
104710, 5.90, 8.16, -0.29, 14.69, -24.63, -74.83, 0.78, 0.20, 0.85
104957, 3.24, 6.59, 0.63, 7.86, -28.27, -80.33, -0.18, -1.05, 0.74
105213, -0.86, 8.99, -2.66, 4.95, -22.98, -74.13, -0.75, 0.09, -0.09
105459, 2.33, 10.11, -2.43, 9.35, -20.71, -70.20, -0.23, -0.06, -0.65
105707, 2.54, 9.31, -0.28, 16.40, -19.61, -70.10, 0.15, -0.72, -0.61
105953, 5.26, 7.32, 1.50, 22.81, -21.89, -73.63, 0.57, 0.87, 0.52
106201, 3.78, 8.14, -0.71, 15.95, -25.43, -78.14, 0.62, 0.57, 0.54
106446, 4.46, 8.47, 0.73, 6.93, -28.11, -81.06, 0.18, 0.18, 0.66
106694, 1.11, 8.57, -1.87, 4.43, -23.05, -74.13, -0.99, -0.03, -0.42
106940, 1.80, 8.69, -2.51, 7.00, -20.96, -70.32, -0.15, 0.13, -0.52
107194, 3.09, 8.23, -3.42, 12.09, -18.43, -67.80, -0.30, -0.36, -0.63
107442, 6.54, 7.52, -2.88, 24.06, -17.49, -68.33, 0.03, -0.29, -0.16
107687, 3.62, 8.46, -1.36, 17.80, -20.29, -69.67, 0.40, 0.12, 0.64
107935, 3.58, 8.43, -0.63, 11.03, -25.59, -75.09, 0.59, 0.10, 0.48
108181, 1.45, 4.70, -3.74, 7.66, -23.15, -74.73, -2.42, -0.60, 0.28
108429, 2.71, 8.09, -2.48, 10.96, -17.19, -66.63, -1.07, -0.20, -0.28
108675, 2.37, 8.43, -3.14, 20.20, -14.02, -66.18, -0.01, -0.03, -1.07
108931, 5.88, 7.58, 0.72, 28.27, -13.02, -67.14, 0.65, 0.17, 0.20
109176, 6.28, 8.68, -2.52, 20.05, -22.51, -72.52, 1.03, 0.16, 0.57
109424, 5.75, 7.82, -0.15, 14.19, -27.08, -78.37, -0.02, -0.53, 0.37
109670, 3.72, 8.48, -1.53, 13.67, -23.75, -73.69, -0.65, -0.30, 0.03
109918, 2.54, 8.93, -1.83, 14.59, -20.05, -68.88, -0.46, -0.02, -0.13
110163, 3.62, 8.17, -3.25, 17.35, -15.97, -65.36, -0.63, -0.30, -0.50
110411, 4.47, 12.53, -1.63, 26.35, -10.86, -64.57, 0.22, -0.43, -0.71
110665, 5.03, 7.10, -1.52, 31.54, -12.16, -68.42, 0.08, -0.22, 0.35
110913, 4.92, 7.79, -1.60, 26.89, -19.18, -72.00, 0.47, 0.15, 0.45
111159, 3.24, 8.04, -0.73, 21.41, -23.31, -75.42, 0.04, 0.20, 0.58
111405, 2.05, 9.09, -1.49, 17.51, -21.92, -72.64, -0.02, 0.47, 0.01
111652, 3.68, 8.93, -0.98, 18.37, -19.64, -68.87, -0.35, 0.05, -0.52
111898, 4.07, 8.42, -1.88, 25.84, -15.48, -67.49, -0.46, -0.76, -0.49
112146, 5.54, 8.14, -2.78, 34.76, -11.60, -68.90, 0.10, 0.43, -0.33
112392, 4.76, 8.81, -1.17, 28.94, -17.48, -71.22, 0.94, 0.18, 0.56
112648, 2.91, 7.64, -0.49, 20.43, -24.28, -76.15, -0.22, -1.18, 1.10
112896, 2.09, 9.13, -1.50, 18.08, -22.61, -72.68, -0.69, -0.37, 0.11
113141, 2.74, 9.10, -1.74, 18.27, -18.65, -67.19, -0.32, 0.11, -0.41
113389, 2.04, 9.37, -1.45, 20.61, -12.41, -63.94, -0.68, -0.35, -0.36
113635, 3.89, 7.31, -6.79, 31.67, -12.45, -69.06, 0.07, -0.42, -0.22
113883, 4.35, 8.36, -1.25, 31.18, -13.91, -69.23, 0.39, -0.29, 0.30
114128, 3.73, 8.40, -0.41, 28.19, -21.62, -74.96, 0.66, -0.02, 0.46
114382, 4.74, 10.54, -0.52, 23.76, -24.52, -77.64, -0.38, 0.06, -0.14
114630, 3.32, 8.60, -2.02, 22.68, -18.62, -69.25, -0.58, -0.07, -0.30
114876, 3.19, 9.05, -1.37, 26.82, -13.37, -65.45, -0.40, -0.32, -0.43
115124, 4.05, 8.41, -1.68, 35.66, -11.85, -69.91, 0.35, -0.41, -0.25
115369, 4.45, 7.75, -2.06, 35.56, -10.68, -69.34, 0.21, 0.31, 0.01
115617, 4.74, 8.61, -0.26, 31.39, -17.33, -71.65, 1.01, 0.25, 0.49
115863, 3.06, 7.67, -0.60, 24.93, -24.57, -77.89, 0.25, -0.05, 0.47
116119, 1.08, 9.47, -2.13, 20.53, -21.60, -72.29, -0.40, 0.11, -0.16
116365, 2.70, 9.22, -1.85, 23.93, -16.05, -67.52, -0.43, -0.26, -0.37
116613, 7.49, 9.62, -2.76, 32.13, -14.07, -68.62, 0.07, -0.92, -0.32
116865, 3.57, 8.61, -0.87, 32.94, -13.90, -70.30, 0.20, 0.21, 0.04
117112, 4.68, 8.66, -0.64, 26.59, -20.52, -72.83, 1.12, 0.61, 0.49
117358, 2.80, 7.14, 0.75, 20.01, -27.33, -80.28, -0.30, 0.06, 0.13
117606, 1.12, 9.85, 0.01, 16.22, -22.90, -72.99, -0.48, 0.14, -0.08
117852, 3.69, 8.53, -2.79, 17.90, -19.15, -68.30, -0.45, -0.14, -0.28
118114, 1.20, 9.39, -2.17, 22.43, -14.63, -65.40, -0.50, -0.57, -0.40
118366, 4.44, 8.41, -2.84, 29.63, -13.77, -67.39, -0.29, -0.02, -0.30
118620, 3.57, 8.72, -0.83, 27.52, -16.49, -68.81, 0.86, 0.31, 0.47
118872, 1.43, 9.26, -1.70, 18.46, -24.09, -75.27, 1.16, 1.42, 0.40
119123, -2.27, 7.84, -7.51, 11.91, -25.78, -76.28, -1.74, 0.75, 0.29
119375, 2.36, 8.80, -3.18, 12.13, -23.37, -70.70, -0.12, 0.43, -0.47
119627, 0.74, 10.93, -2.78, 16.72, -19.94, -68.59, -0.34, -0.33, -0.37
119910, 2.53, 8.56, -1.04, 23.93, -22.48, -72.46, 0.46, 0.95, -0.14
120156, 3.35, 9.25, -1.26, 17.98, -25.62, -74.77, 0.81, 0.92, 0.35
120401, 3.36, 8.31, 0.25, 6.31, -29.99, -85.02, 0.95, 0.89, 0.47
120649, 3.63, 8.04, -2.23, 2.60, -29.47, -89.18, -1.33, -0.11, 0.46
120895, 1.96, 9.17, -3.03, 1.70, -27.64, -81.66, -0.34, 0.52, -0.21
121143, 3.16, 8.98, -2.49, 6.34, -27.24, -78.87, -0.15, -0.02, -0.55
121389, 2.77, 7.64, -1.46, 13.17, -29.13, -83.00, 0.59, 0.06, -0.22
121634, 3.70, 9.11, 0.43, 7.70, -29.63, -86.98, 0.80, 1.21, 0.91
121888, 3.14, 8.69, 0.77, -1.32, -29.17, -100.07, 0.92, 1.44, 0.12
122136, 3.09, 9.64, -3.02, -1.51, -29.35, -100.38, -0.82, -0.03, -0.16
122382, 2.71, 9.22, -2.09, -0.26, -29.96, -94.86, -0.31, 0.06, -0.39
122630, 3.52, 8.55, -2.45, 4.21, -29.60, -91.32, -0.27, 0.53, -0.47
122877, 3.19, 9.69, -3.43, 10.46, -29.14, -90.22, 0.28, -0.48, -0.70
123123, 2.82, 9.23, -1.85, 15.24, -30.50, -95.22, 0.43, 0.58, -0.02
123371, 3.72, 8.57, -2.59, 8.80, -30.63, -102.79, 0.88, 1.17, 0.68
123627, 2.84, 7.49, -0.05, 1.34, -26.89, -113.80, 0.49, 0.77, 0.45
123873, 1.22, 9.31, -2.14, 4.55, -27.21, -110.87, -0.34, 0.63, -0.19
124121, 2.22, 8.80, -1.49, 7.12, -29.41, -105.12, 0.02, 0.33, -0.43
124366, 2.73, 8.36, -3.52, 10.70, -29.33, -101.42, -0.27, 0.10, -0.56
124614, 3.20, 9.80, -3.79, 17.14, -30.06, -102.85, 0.26, -0.82, -0.35
124862, 4.37, 8.26, -1.55, 19.01, -29.54, -108.05, 0.85, 0.77, 0.28
125108, 4.17, 9.04, -1.34, 15.32, -27.35, -116.16, 0.54, 0.25, 0.83
125362, 3.47, 8.16, 0.63, 12.64, -23.36, -122.60, 0.38, 0.61, 0.42
125609, 0.89, 9.18, -0.61, 15.32, -24.23, -119.66, -0.52, 0.23, -0.09
125855, 2.54, 9.63, -1.62, 18.88, -25.90, -114.41, -0.35, 0.08, -0.29
126103, 2.26, 9.22, -1.60, 19.70, -27.42, -111.68, -0.30, -0.38, -0.19
126351, 3.77, 9.06, -0.86, 22.19, -26.83, -110.25, -0.28, -0.77, -0.55
126597, 4.86, 7.24, -1.99, 26.38, -25.39, -116.84, 0.44, 0.47, -0.13
126844, 4.29, 8.99, -0.51, 23.76, -23.41, -118.31, 0.63, 0.34, 0.66
127090, 3.45, 8.55, 0.65, 24.03, -19.67, -122.32, 0.55, 0.55, 0.76
127600, 1.81, 9.69, -1.80, 28.92, -22.36, -114.95, -0.51, -0.26, -0.13
127938, 3.31, 8.94, -2.59, 31.72, -22.32, -109.89, -0.47, -0.03, -0.46
128186, 1.95, 8.65, -1.26, 34.74, -19.91, -112.17, 0.28, -0.46, -0.43
128432, 3.70, 8.35, -0.12, 36.32, -18.87, -115.65, 0.48, 0.18, 0.01
128679, 4.64, 8.59, -0.10, 36.14, -17.58, -116.79, 0.78, 0.55, 0.67
128925, 4.30, 8.37, 0.24, 32.68, -18.84, -118.59, 0.47, 0.56, 0.61
129173, 0.75, 7.78, -5.64, 31.67, -20.18, -114.64, -1.11, 0.39, -0.54
129427, 2.50, 9.14, -2.12, 33.21, -21.21, -109.54, -0.32, 0.03, -0.30
129675, 2.70, 8.87, -2.26, 34.95, -20.75, -106.71, -0.47, -0.26, -0.34
129921, 3.24, 9.53, -2.58, 38.15, -18.78, -107.98, 0.17, -0.88, -0.46
130168, 3.66, 8.49, 0.25, 40.97, -16.87, -109.15, 0.54, 0.01, 0.27
130414, 4.18, 8.17, -0.73, 34.77, -18.94, -117.10, 1.18, 0.81, 0.72
130662, 7.66, 14.85, 0.82, 31.73, -19.29, -118.71, 0.32, 0.85, -0.50
130910, 2.32, 9.46, -2.41, 33.60, -20.48, -111.02, -0.95, -0.36, -0.09
131164, 3.34, 9.50, -0.10, 37.53, -20.39, -105.52, -0.34, -0.36, -0.28
131411, 3.76, 8.54, -2.77, 38.83, -18.20, -103.74, -0.30, -0.49, -0.53
131659, 3.21, 8.27, -3.83, 39.29, -17.49, -111.46, 0.34, 0.31, 0.09
131911, 3.04, 8.56, -1.25, 37.52, -17.25, -116.00, 0.81, -0.29, 0.84
132157, 2.21, 7.35, 1.28, 34.19, -18.15, -118.01, 0.01, 0.00, 0.39
132405, 2.21, 9.66, 0.23, 34.00, -19.95, -112.86, -0.63, 0.44, -0.45
132651, 2.79, 8.91, -2.31, 37.05, -20.39, -106.11, -0.47, 0.02, -0.38
132898, 2.75, 9.88, -2.78, 39.61, -17.87, -104.85, -0.67, -0.73, -0.44
133152, 5.92, 7.61, -5.69, 41.23, -18.75, -112.89, 0.52, -0.18, 0.38
133400, 3.89, 9.39, 1.47, 37.59, -17.96, -114.76, 1.26, 1.37, 0.37
133648, 2.04, 7.44, -0.12, 37.39, -16.95, -116.91, -0.11, 0.01, 0.27
133894, 3.22, 9.19, 0.60, 38.26, -19.04, -110.80, -0.85, 0.12, -0.20
134141, 2.24, 9.58, -2.16, 39.33, -19.32, -103.07, -0.84, -0.03, -0.34
134387, 2.44, 9.43, -3.31, 39.73, -17.10, -100.20, -0.37, -0.67, -0.42
134635, 4.71, 8.23, -6.16, 44.61, -15.86, -108.93, 0.03, -0.93, -0.08
134891, 4.35, 7.94, -1.05, 41.70, -15.84, -112.10, 1.92, 0.56, 0.88
135137, 3.37, 7.55, -0.00, 37.90, -15.83, -116.69, 0.29, -0.34, 0.72
135385, 3.21, 8.91, -1.04, 37.17, -18.47, -111.84, 0.13, 0.51, 0.51
135632, 2.36, 9.10, -0.93, 38.64, -19.45, -105.44, -0.70, 0.13, -0.22
135878, 4.11, 8.26, -3.43, 38.99, -19.00, -102.09, -0.41, -0.66, -0.33
136126, 6.58, 8.17, 2.28, 44.33, -17.32, -105.17, 0.75, -1.17, -0.22
136374, 4.54, 7.39, -2.29, 39.86, -16.75, -113.84, 0.41, 0.97, 0.28
136628, 3.62, 8.11, 0.39, 39.30, -14.66, -116.21, 0.63, 0.34, 0.41
136873, 6.68, 14.07, 1.20, 37.78, -16.82, -115.90, 0.20, 1.33, -0.47
137121, 2.44, 8.73, -1.31, 38.64, -18.36, -107.89, -0.51, 0.05, -0.07
137369, 2.18, 9.58, -1.76, 39.30, -18.56, -103.64, -0.26, -0.36, -0.21
137615, 1.32, 9.70, 0.79, 41.33, -17.22, -104.55, 0.13, -1.04, -0.42
137863, 4.81, 7.79, -1.10, 40.76, -16.79, -114.40, 0.99, 0.92, -0.03
138108, 3.85, 9.73, -1.96, 37.11, -13.78, -122.87, 0.85, 0.95, 0.31
138364, 3.62, 8.08, 0.67, 38.29, -14.69, -119.19, 0.22, 0.66, 0.41
138612, 4.43, 8.81, -3.35, 40.95, -16.21, -112.29, -0.59, -0.43, 0.21
138858, 2.26, 9.38, -2.92, 41.03, -16.92, -106.21, -0.64, 0.03, -0.38
139106, 0.76, 11.71, -3.83, 43.15, -15.17, -103.35, -0.40, -0.22, -0.26
139354, 4.15, 6.98, -4.04, 46.24, -13.58, -106.17, -0.07, 0.61, -0.43
139599, 5.10, 8.05, -3.61, 46.38, -12.74, -106.39, 0.40, 0.20, 0.27
139847, 4.70, 8.65, -3.41, 45.78, -13.01, -108.05, 0.34, 0.18, 0.20
140095, 1.08, 7.10, 3.46, 41.06, -16.24, -115.70, 0.62, -0.51, 0.67
140349, 4.02, 8.20, -3.88, 41.33, -19.41, -111.49, -0.71, -0.59, 0.06
140595, 3.77, 8.36, -3.01, 43.76, -16.82, -107.94, -0.43, -0.46, -0.46
140843, 4.37, 7.54, -3.75, 46.89, -13.97, -112.23, -0.06, -0.92, -0.25
141090, 3.82, 8.27, 1.43, 45.97, -12.76, -110.10, 1.23, 0.96, 0.22
141336, 2.94, 7.35, -1.45, 43.04, -12.99, -113.71, 0.72, -0.29, 0.73
141584, 2.83, 7.97, -1.07, 44.18, -13.81, -104.98, -0.71, -0.21, 0.15
141832, 3.66, 8.89, -1.67, 44.18, -14.34, -101.74, -0.48, -0.60, -0.05
142086, 3.75, 8.65, -3.05, 43.26, -12.58, -98.66, -0.64, -0.27, -0.33
142333, 6.36, 10.00, -6.27, 45.59, -11.59, -101.49, 0.05, -0.19, -0.31
142581, 4.97, 8.05, -1.72, 44.14, -10.54, -101.68, 0.33, -0.13, 0.47
142827, 5.02, 8.18, -1.56, 37.99, -15.87, -108.87, 0.91, -0.09, 0.74
143075, 6.72, 9.55, -8.54, 34.61, -17.28, -113.17, -1.17, 0.40, -0.39
143323, 1.57, 7.59, 0.60, 37.49, -16.56, -104.75, -1.30, -0.86, 0.18
143568, 3.16, 8.40, -6.11, 36.26, -14.60, -96.00, -0.96, -0.60, -0.02
143822, 3.87, 3.01, -0.40, 39.87, -14.18, -95.82, 0.12, 0.36, -0.71
144070, 5.95, 6.52, -5.84, 41.98, -15.32, -103.76, -0.15, -0.75, -0.08
144318, 4.25, 9.14, -0.23, 37.58, -16.62, -109.91, 1.63, 0.24, 1.19
144564, 2.17, 8.83, -1.60, 28.98, -18.01, -119.70, -0.16, -0.60, 0.65
144812, 2.37, 9.65, -1.89, 32.65, -19.10, -110.19, -0.81, -0.06, -0.21
145059, 1.65, 10.22, -2.76, 33.19, -19.99, -105.85, -0.61, -0.31, 0.06
145305, 2.32, 8.43, -2.69, 35.50, -18.24, -101.05, -0.17, -0.48, -0.58
145561, 6.71, 4.81, -6.86, 35.36, -17.95, -114.76, 0.06, -0.28, -0.03
145809, 5.44, 7.93, 0.31, 33.78, -18.31, -114.29, 0.28, -0.00, 0.33
146055, 4.59, 8.61, -0.58, 34.48, -17.96, -115.57, 0.78, 0.87, 0.50
146302, 2.17, 6.69, -0.99, 32.87, -17.55, -117.16, -0.21, 0.67, 0.16
146548, 2.57, 9.38, -0.84, 35.60, -18.81, -109.27, -0.56, 0.13, -0.25
146802, 1.25, 9.59, -2.07, 35.03, -19.37, -107.48, -0.92, -1.00, -0.08
147048, 3.70, 8.55, -3.22, 38.50, -17.89, -109.38, 0.11, -0.73, -0.60
147296, 2.35, 8.94, -2.59, 35.30, -16.46, -116.72, 0.88, 2.46, 0.61
147570, 1.18, 8.23, -3.26, 33.88, -18.27, -114.53, 0.86, 1.93, 0.88
147818, 1.23, 9.15, -7.78, 36.71, -17.85, -107.76, -0.57, 0.23, -0.08
148064, 2.02, 8.66, -3.03, 39.71, -17.13, -101.56, -0.45, 0.89, -0.50
148312, 3.26, 8.01, -2.13, 42.44, -13.84, -94.71, -0.27, -0.24, -0.41
148557, 3.91, 7.48, -4.49, 46.62, -9.43, -96.92, 0.22, 0.16, -0.81
148805, 5.99, 8.39, -4.81, 48.85, -5.58, -93.55, -0.19, 0.53, -0.39
149051, 4.75, 8.91, -1.66, 47.18, -8.68, -94.72, 1.62, 0.55, 0.27
149307, 3.09, 8.02, 0.08, 43.03, -13.52, -98.99, 0.83, 1.33, 0.63
149553, 2.09, 9.03, -2.62, 41.77, -14.70, -90.85, -1.17, 0.15, -0.54
149798, 3.31, 8.63, -3.77, 43.54, -9.41, -84.49, -0.43, 0.39, -0.53
150046, 5.59, 9.30, -3.44, 46.24, -3.77, -81.38, -0.12, -0.39, -0.61
150292, 5.51, 6.35, -3.66, 49.27, -2.12, -84.36, 0.28, 0.84, -0.45
150540, 2.63, 8.93, -3.21, 44.96, -3.98, -79.19, 1.07, 0.74, 0.60
150786, 3.75, 8.94, -1.55, 37.42, -12.23, -76.59, 1.01, 0.38, 0.25
151031, 2.04, 12.08, 0.98, 34.65, -18.53, -80.56, 0.54, 0.27, 0.59
151285, 3.10, 9.44, -1.43, 30.44, -13.50, -71.67, -0.71, 0.13, -0.17
151531, 2.86, 9.97, -2.15, 30.85, -7.15, -67.41, -0.44, -0.08, -0.16
151779, 5.70, 8.30, -1.26, 35.40, -4.00, -67.35, -0.20, -0.96, -0.47
152027, 4.59, 7.96, -3.93, 43.13, -5.92, -74.04, 0.20, 0.03, -0.35
152272, 3.56, 8.60, -0.13, 42.60, -5.13, -74.50, 0.37, 0.49, 0.35
152518, 3.62, 8.59, -1.43, 34.90, -15.10, -75.97, 1.12, 0.36, 0.81
152766, 1.83, 9.19, -0.23, 29.48, -15.76, -73.43, -0.40, 0.08, 0.32
153022, 2.83, 8.65, -2.01, 29.55, -12.29, -68.52, -0.50, 0.13, -0.26
153268, 4.34, 8.01, -4.62, 28.79, -6.72, -64.73, -0.61, 0.01, -0.38
153516, 3.57, 7.88, -4.18, 31.29, -1.68, -64.26, -0.21, -0.32, -0.50
153761, 4.37, 6.43, -4.88, 36.36, -4.56, -67.36, 0.23, 1.12, -0.34
154009, 4.71, 8.99, -2.69, 27.39, -9.73, -66.27, 1.13, 0.60, 0.22
154255, 4.47, 8.85, -1.69, 20.29, -18.75, -72.80, 1.16, 0.43, 0.60
154503, 5.24, 11.27, -1.35, 12.03, -23.12, -76.79, 0.07, 0.76, -0.05
154757, 4.06, 9.27, -1.45, 11.15, -19.34, -70.07, -0.56, 0.14, -0.12
155002, 3.93, 8.46, -2.67, 11.59, -16.44, -67.16, -0.30, -0.04, -0.24
155250, 7.28, 9.52, -2.98, 15.83, -12.03, -64.00, -0.23, -0.82, -0.55
155496, 4.42, 7.00, -2.12, 21.78, -11.06, -65.97, 0.23, 0.98, -0.33
155744, 5.38, 7.20, -3.03, 20.30, -13.45, -66.68, 0.49, 0.26, 0.06
155990, 5.72, 7.78, -2.89, 15.32, -18.27, -70.53, 0.50, 0.30, 0.31
156237, 4.58, 8.46, -0.63, 10.06, -21.63, -76.02, 0.79, 0.22, 0.58
156483, 1.17, 10.03, -0.64, 7.21, -21.40, -75.39, -0.45, 0.48, -0.19
156739, 3.38, 9.38, -3.25, 4.47, -17.48, -70.17, -0.46, -0.01, -0.09
156985, 4.00, 8.92, -4.21, 7.67, -12.66, -66.37, -0.79, -0.49, -0.26
157233, 4.27, 9.49, -2.07, 18.14, -12.36, -66.50, 1.18, -1.19, 0.15
157478, 4.46, 8.20, -0.18, 20.74, -15.07, -70.15, -0.02, 0.55, 0.03
157726, 4.94, 7.80, -1.26, 18.72, -16.91, -73.00, 0.55, 0.51, 0.13
157972, 4.30, 8.62, -1.21, 11.62, -22.89, -80.77, 1.06, 0.87, 0.61
158220, 5.69, 12.02, -1.05, 3.79, -22.96, -87.40, 0.05, 1.11, -0.11
158472, 2.16, 8.82, -2.64, 1.21, -20.36, -80.06, -0.88, 0.16, -0.10
158720, 4.07, 8.28, -2.76, 4.00, -18.09, -75.77, -0.64, -0.61, -0.48
158967, 3.84, 7.72, -4.67, 10.38, -19.13, -75.36, 0.60, -0.02, -0.16
159213, 5.03, 8.29, -0.53, 9.46, -22.73, -80.91, 0.88, -0.21, 0.15
159461, 4.35, 8.62, 0.14, 4.25, -27.26, -88.25, 0.73, 0.37, 0.44
159707, 3.08, 7.68, 0.68, -3.17, -27.49, -91.82, 0.15, 0.05, 0.38
159952, 3.71, 9.36, -0.85, -4.43, -26.81, -84.71, -0.38, 0.61, -0.04
160200, 2.53, 8.58, -3.71, -3.49, -24.71, -80.56, -0.50, 0.17, -0.16
160456, 2.70, 9.15, -2.18, -2.10, -19.69, -71.98, -0.64, -0.20, -0.39
160702, 2.91, 6.63, -5.32, 6.80, -22.87, -71.66, 0.23, 0.84, -0.50
160950, 4.21, 8.60, -3.13, 9.09, -26.54, -79.42, 0.93, -0.34, 0.30
161196, 3.69, 8.47, -1.06, 3.70, -28.60, -94.10, 1.38, 1.18, 0.36
161441, 13.43, 10.04, -7.00, 0.85, -28.09, -100.25, -1.51, 0.04, -0.74
161693, 1.24, 8.92, -5.16, -0.88, -25.61, -93.83, -0.83, 0.44, 0.13
161941, 3.44, 8.12, -3.65, 1.33, -25.49, -91.60, -0.24, -0.35, -0.32
162195, 4.87, 7.74, -0.89, 10.11, -29.38, -94.84, 1.13, -1.32, -0.08
162443, 4.11, 8.40, -0.47, 11.97, -28.49, -97.06, 0.15, 0.96, 0.02
162689, 3.57, 8.41, -2.18, 9.09, -27.64, -100.56, 0.79, 0.77, 0.37
162936, 5.03, 9.12, -1.13, 5.85, -26.69, -106.37, 0.73, 0.02, 0.46
163182, 7.88, 10.45, 0.18, -1.58, -25.11, -104.36, 0.63, 2.62, -0.23
163430, 1.51, 9.34, -3.56, 0.66, -25.46, -100.83, -0.32, 0.20, -0.42
163676, 2.15, 9.31, -1.86, 5.29, -26.75, -96.74, -0.25, -0.68, -0.47
163932, 2.02, 8.29, -0.36, 8.87, -27.32, -98.54, 0.07, 0.75, 0.12
164177, 4.35, 8.08, -1.61, 6.42, -27.02, -97.35, 0.07, 0.31, 0.11
164425, 4.27, 8.73, -1.20, 5.03, -27.16, -100.61, 0.34, 0.29, 0.23
164671, 3.60, 8.67, 0.97, 2.03, -25.80, -105.36, 0.07, -0.23, 0.48
164919, 2.91, 8.34, -0.39, -1.94, -25.02, -103.35, -0.30, -0.15, 0.06
165165, 1.74, 8.86, -1.75, 0.73, -26.75, -99.02, -0.78, -0.33, -0.16
165412, 2.90, 8.90, -3.31, 2.32, -26.75, -92.12, -0.53, -0.45, -0.29
165660, 2.28, 8.79, -4.94, 9.06, -27.59, -87.50, -0.25, -0.66, -0.81
165914, 3.85, 8.62, 0.31, 12.64, -27.58, -87.24, -0.19, -0.83, 0.62
166160, 3.94, 8.68, -0.12, 3.77, -28.94, -91.03, 0.39, 0.22, 0.76
166408, 1.99, 8.59, 1.82, -6.99, -27.19, -93.39, 0.17, -0.23, 0.24
166653, 2.36, 9.00, -1.86, -8.84, -27.13, -87.36, -0.73, 0.03, -0.09
166901, 2.49, 8.49, -2.00, -6.59, -26.40, -79.63, -0.75, -0.28, -0.14
167147, 1.64, 9.14, -1.29, -6.01, -21.59, -71.10, -0.46, -0.02, -0.10
167395, 6.17, 14.82, -3.55, 3.32, -21.22, -65.16, 1.76, -1.49, -0.38
167651, 3.57, 8.84, -1.19, 11.37, -25.49, -67.17, 0.37, 0.67, 0.55
167897, 4.60, 8.45, -1.23, 0.76, -28.71, -77.05, 0.87, -0.14, 0.57
168144, 5.97, 15.74, -2.02, 0.67, -28.15, -79.29, -0.56, -0.07, -0.81
168390, 2.87, 8.68, -2.04, 2.09, -23.28, -70.99, -1.00, -0.37, -0.13
168638, 2.17, 8.22, -3.20, 3.07, -16.81, -64.88, -0.77, -0.23, -0.29
168884, 0.76, 9.91, -6.97, 8.46, -9.49, -59.05, -0.47, -0.34, -0.30
169132, 5.67, 8.36, -3.98, 20.08, -16.50, -64.59, 0.08, 0.37, -0.37
169377, 3.68, 9.33, -2.10, 14.95, -21.38, -69.91, 1.22, 0.44, 1.08
169631, 1.96, 9.54, -0.59, 7.18, -26.43, -77.29, 0.12, 0.39, 0.08
169879, 2.25, 9.06, -2.48, 6.39, -22.05, -70.86, -0.56, -0.25, -0.23
170125, 3.36, 8.65, -2.81, 9.92, -16.75, -64.78, -0.42, -0.10, -0.57
170373, 7.33, 9.69, -1.98, 21.57, -17.73, -65.57, 0.89, -1.39, -0.24
170618, 5.08, 7.68, 0.24, 18.82, -21.76, -70.30, 0.96, 0.76, 0.41
170866, 3.54, 8.54, 0.28, 15.01, -27.39, -78.25, 0.69, -0.22, 0.42
171112, 3.92, 8.32, 0.30, 8.08, -28.97, -82.13, 0.18, 0.84, 0.48
171368, 3.52, 13.57, -2.11, 4.05, -27.51, -79.89, -1.27, 0.20, -0.31
171614, 2.25, 9.15, -1.87, 3.80, -21.47, -72.86, -1.00, -0.42, -0.19
171862, 1.65, 10.13, -3.02, 7.59, -16.21, -66.33, -0.61, -0.30, -0.36
172107, 2.78, 7.03, -4.39, 18.53, -19.25, -69.03, 0.31, -0.82, 0.01
172355, 5.36, 7.85, -1.46, 16.95, -20.71, -70.34, 0.23, -0.00, 0.22
172601, 4.01, 8.51, -3.18, 14.57, -24.54, -75.77, 0.85, 0.10, 0.40
172849, 2.74, 8.68, -0.89, 10.17, -27.99, -82.46, -0.05, -0.15, 0.37
173094, 3.24, 8.83, -3.11, 6.14, -24.00, -76.34, -0.47, 0.05, 0.20
173348, 3.47, 8.70, -2.76, 8.08, -19.15, -69.96, -0.65, -0.08, -0.35
173596, 6.81, 11.66, -2.92, 15.39, -15.71, -64.89, -0.14, -1.09, -0.62
173844, 3.79, 7.99, 0.02, 22.90, -18.78, -68.90, 0.04, 0.00, 0.11
174090, 4.12, 8.50, -1.68, 19.00, -23.84, -73.71, 0.78, 0.35, 0.45
174336, 3.43, 9.19, 0.52, 11.62, -27.13, -79.74, 0.43, 0.08, 0.41
174583, 11.44, 3.56, -2.28, 7.88, -27.01, -79.73, -1.26, 0.30, -0.01
174829, 1.71, 8.93, -2.54, 6.71, -19.99, -70.55, -1.16, -0.40, -0.05
175085, 1.62, 8.50, -4.00, 9.37, -13.87, -64.15, -0.80, -0.27, -0.36
175333, 3.87, 8.67, -1.66, 19.99, -12.16, -62.70, 0.53, -0.98, -0.45
175579, 3.77, 7.66, -3.20, 24.25, -16.28, -67.30, 0.33, 0.79, 0.10
175826, 4.14, 8.84, -0.43, 20.48, -23.09, -73.18, 1.22, 0.06, 0.35
176072, 3.94, 7.76, -0.21, 15.55, -27.97, -80.78, 0.58, 0.46, 0.44
176320, 10.56, 4.12, -0.50, 9.85, -27.26, -79.87, -0.80, 0.20, -0.09
176572, 2.70, 8.79, -2.08, 11.30, -19.56, -69.28, -1.63, -0.87, -0.06
176832, 2.63, 8.51, -3.26, 15.89, -12.38, -62.99, -0.55, -0.57, -0.48
177084, 2.40, 7.80, -4.71, 30.37, -14.63, -67.25, 0.47, -0.69, -0.11
177334, 4.04, 8.72, -0.74, 26.95, -15.80, -67.70, 0.05, -0.30, 0.17
177586, 4.87, 7.97, -0.45, 21.60, -17.90, -69.51, 0.42, 0.66, 0.08
177838, 3.77, 8.17, -1.85, 18.99, -22.35, -73.25, 0.55, -0.07, 0.16
178089, 10.93, 10.96, -0.89, 14.86, -24.76, -75.01, -0.95, -0.77, 0.05
178343, 1.48, 9.36, -3.21, 11.33, -16.66, -66.75, -0.67, -0.23, -0.22
178595, 3.20, 8.56, -3.23, 18.43, -12.61, -63.68, -0.71, -0.83, -0.56
178855, 1.44, 7.26, -7.56, 34.65, -11.20, -68.09, -0.57, -1.98, 0.04
179101, 3.06, 8.82, -1.94, 37.47, -11.09, -70.67, 0.16, -0.70, -0.06
179349, 6.02, 8.22, -1.29, 33.73, -15.00, -70.96, 0.51, 0.72, 0.27
179595, 4.65, 8.00, -0.79, 30.06, -18.91, -73.74, 0.51, 0.17, 0.35
179843, 4.61, 11.29, 1.34, 29.33, -20.21, -74.57, -0.65, -0.07, -0.07
180088, 2.50, 9.06, -2.80, 27.05, -14.73, -69.61, -0.82, 0.31, -0.15
180336, 4.00, 8.46, -2.38, 31.41, -9.03, -65.95, -0.47, -0.57, -0.50
180590, 4.54, 7.08, -5.83, 38.26, -8.59, -70.26, 0.09, -0.09, 0.05
180836, 4.35, 9.49, -3.71, 33.24, -13.27, -71.31, 0.47, 0.13, 0.32
181084, 3.67, 8.30, -0.85, 27.19, -21.16, -75.99, 0.66, -0.28, 0.19
181329, 2.13, 8.64, 0.35, 26.83, -22.99, -77.52, -0.35, -0.14, 0.03
181577, 3.17, 8.36, -2.46, 25.21, -18.65, -71.63, -0.61, -0.75, 0.11
181823, 1.81, 9.26, -2.57, 29.48, -11.68, -67.48, -0.64, -0.07, -0.26
182071, 3.01, 8.64, -3.10, 32.70, -4.88, -64.56, -0.56, -0.33, -0.47
182327, 4.70, 8.69, -1.59, 32.86, -7.51, -64.60, 0.88, 1.73, -0.43
182573, 3.51, 9.73, -1.51, 25.90, -17.10, -68.58, 1.80, 1.02, 0.61
182820, 3.63, 6.72, -3.12, 15.46, -25.36, -76.28, -0.03, 0.78, -0.06
183066, 2.22, 9.24, -0.75, 12.12, -22.48, -70.90, -0.40, 0.23, 0.01
183314, 1.79, 9.30, -1.55, 12.64, -20.52, -67.96, -0.50, -0.22, -0.12
183562, 3.75, 8.60, -3.48, 15.24, -15.02, -63.10, -0.79, -0.04, -0.54
183808, 3.86, 8.64, -1.85, 20.42, -13.75, -61.43, 0.38, -0.63, -0.12
184055, 3.89, 8.87, -1.70, 23.93, -18.33, -65.32, 0.59, 0.19, -0.02
184309, 4.65, 8.27, -1.98, 19.10, -23.60, -71.13, 0.88, 0.83, 0.15
184555, 4.66, 7.32, -1.95, 9.09, -27.99, -78.95, 0.63, 0.90, 0.58
184803, 2.20, 8.58, -1.29, 3.32, -27.59, -78.94, -0.67, 0.49, 0.20
185049, 3.49, 9.00, -4.69, 1.64, -23.17, -73.09, -0.20, -0.02, -0.30
185296, 3.12, 9.91, -8.06, 6.31, -20.20, -68.55, -0.50, 0.08, -0.54
185544, 4.41, 7.45, -2.57, 18.21, -24.42, -72.49, 0.39, -0.73, -0.19
185790, 5.47, 7.45, -2.31, 15.83, -25.24, -74.64, 0.51, 0.45, 0.52
186046, 3.74, 8.94, -2.07, 7.70, -28.00, -81.54, 0.74, 1.03, 0.27
186292, 5.35, 7.53, -1.02, -1.32, -28.43, -89.01, 0.73, 2.09, -0.11
186726, 2.85, 8.65, -3.95, 1.86, -26.88, -81.80, -0.17, 0.51, -0.47
187103, 7.05, 8.24, -2.02, 11.69, -30.24, -82.58, 0.61, -0.53, -0.46
187510, 4.18, 8.56, -2.20, 12.55, -30.65, -89.07, 0.21, 0.02, 0.53
187758, 5.58, 8.74, -1.69, 4.66, -30.53, -97.56, 0.66, 0.53, 0.45
188004, 3.96, 10.05, 0.17, 2.94, -30.46, -96.39, -0.25, 0.75, 0.00
188252, 3.71, 8.42, -2.78, 6.14, -30.34, -92.66, -0.28, 0.13, -0.36
188506, 7.17, 8.14, -3.28, 11.81, -29.68, -89.14, 0.40, -0.53, -0.59
188751, 5.38, 6.47, -5.09, 14.35, -31.22, -92.91, -0.16, -0.04, -0.10
188999, 4.68, 9.66, -1.32, 9.21, -30.90, -98.92, 1.33, 0.88, 0.69
189245, 3.43, 7.43, -1.17, 2.65, -29.29, -107.89, -0.04, -0.70, 0.15
189493, 4.83, 8.28, -2.26, 5.22, -30.49, -103.17, -0.49, -0.18, -0.15
189739, 3.50, 8.74, -1.42, 6.45, -31.28, -97.68, -0.20, -0.19, -0.33
189986, 5.83, 8.29, -4.08, 13.50, -32.01, -96.95, -0.06, -0.78, -0.27
190240, 2.75, 8.76, -2.32, 11.43, -32.36, -99.42, 0.22, 0.57, 0.55
190488, 5.09, 8.32, -1.25, 3.67, -29.58, -107.06, 0.72, 0.74, 0.30
190734, 1.64, 8.26, 0.04, 4.50, -28.06, -114.16, 0.33, -0.08, 0.11
190982, 0.67, 9.41, -1.94, 4.82, -30.17, -108.74, -0.70, 0.59, -0.12
191227, 2.74, 8.40, -3.01, 5.92, -30.56, -101.86, -0.27, -0.51, -0.25
191475, 4.37, 8.75, -0.96, 8.36, -31.75, -101.32, 1.14, -1.54, -0.15
191721, 3.73, 9.29, 0.11, 12.92, -30.75, -101.61, -0.22, 0.73, 0.09
191981, 3.06, 10.34, -2.82, 8.68, -29.77, -108.05, 1.07, 1.84, 0.60
192227, 3.23, 6.48, 0.73, 13.93, -24.17, -119.54, 0.60, 1.74, 0.00
192475, 3.02, 8.65, -1.56, 16.53, -25.71, -115.02, -0.64, 0.16, -0.08
192720, 3.25, 8.80, -3.42, 19.56, -26.83, -107.57, -0.50, 0.13, -0.33
192968, 3.32, 8.44, -4.10, 23.31, -25.68, -104.08, -0.10, 0.05, -0.61
193216, 2.66, 8.07, -0.88, 31.58, -24.74, -110.04, 0.60, -0.77, -0.38
193462, 6.14, 7.37, -0.65, 34.52, -19.96, -112.66, 0.93, 0.44, 0.02
193710, 4.32, 8.97, -1.70, 34.73, -17.89, -117.32, 1.12, 0.36, 0.74
193964, 3.39, 8.16, 0.14, 31.12, -17.45, -120.84, 0.42, 0.92, 0.49
194211, 3.54, 8.46, 0.83, 35.00, -19.01, -112.89, -0.37, 0.29, -0.33
194457, 3.48, 8.39, -3.36, 36.45, -19.19, -107.53, -0.38, 0.50, -0.40
194705, 2.92, 8.46, -3.33, 39.16, -18.46, -103.92, -0.76, -0.56, -0.38
194953, 4.58, 7.74, -2.83, 41.95, -16.54, -109.68, 0.24, -0.02, -0.53
195198, 5.68, 9.08, 0.32, 45.82, -14.47, -106.94, 0.51, 0.93, 0.31
195446, 3.17, 9.36, -2.77, 41.03, -18.46, -110.95, 1.09, 0.64, 0.76
195700, 0.03, 9.26, -0.59, 37.07, -19.19, -114.56, -0.18, -0.10, 0.31
195946, 2.52, 9.36, -3.90, 37.36, -20.51, -110.26, -1.14, -0.08, -0.28
196194, 2.88, 8.64, -3.99, 39.68, -18.20, -100.98, -0.87, 0.48, -0.58
196440, 3.40, 6.97, -5.17, 42.93, -14.85, -95.19, -0.61, -0.47, -0.54
196687, 4.35, 6.51, -3.35, 45.72, -14.41, -104.22, 0.10, -0.37, -0.07
196935, 5.13, 8.15, -1.90, 44.55, -13.87, -104.69, 0.63, 0.51, 0.09
197181, 5.02, 7.50, -1.11, 44.49, -12.96, -107.82, 1.02, 0.83, -0.19
197437, 1.53, 8.54, -1.05, 42.18, -15.30, -111.59, 0.10, 0.53, 0.51
197683, 2.74, 9.32, -1.49, 43.76, -16.25, -100.70, -0.63, 0.67, -0.17
197931, 2.84, 8.24, -4.23, 44.14, -13.91, -96.21, -0.50, -0.48, -0.25
198176, 4.07, 8.36, -3.34, 45.60, -13.67, -101.87, -0.06, -0.59, -0.35
198424, 5.58, 7.37, -2.34, 46.87, -12.35, -102.10, 0.10, 0.10, -0.02
198672, 5.08, 7.42, -2.59, 45.19, -12.88, -103.73, 0.44, -0.03, 0.23
198918, 4.63, 8.16, -2.32, 45.02, -14.02, -104.46, 0.43, -0.04, 0.36
199165, 11.70, 2.58, -11.60, 40.19, -16.56, -108.11, -1.72, -0.86, -0.44
199419, 2.00, 9.03, -4.38, 41.68, -14.94, -101.40, -0.61, -0.35, 0.26
199667, 3.39, 8.73, -2.50, 41.55, -15.04, -100.63, -0.82, -0.79, -0.23
199913, 4.91, 8.10, -2.68, 43.03, -14.43, -105.52, 0.39, -0.42, -0.22
200161, 5.56, 7.97, 0.79, 42.43, -14.12, -106.91, 0.40, 0.87, 0.44
200407, 4.29, 7.35, -0.01, 39.99, -19.03, -111.55, 1.32, 0.63, 0.72
200654, 0.42, 6.28, -3.09, 36.31, -19.77, -111.82, -0.94, 0.87, -0.13
200900, 1.82, 8.55, -4.06, 35.65, -20.53, -106.01, -0.58, -0.66, -0.17
201156, 3.05, 8.61, -2.79, 36.31, -19.41, -104.95, -0.36, -0.54, -0.36
201404, 7.22, 12.14, -1.90, 41.77, -16.71, -106.52, 0.89, -0.56, -0.95
201650, 2.90, 9.34, -1.63, 39.54, -17.41, -112.58, 0.19, 0.54, 0.18
201897, 4.61, 7.76, -0.91, 37.24, -18.42, -113.61, 0.88, 0.86, 0.55
202143, 2.94, 7.35, 0.28, 34.71, -19.10, -117.00, 0.24, 0.67, 0.27
202391, 3.27, 8.88, -1.67, 34.98, -21.31, -110.71, -0.38, 0.91, -0.24
202637, 2.00, 8.67, -4.65, 34.76, -21.32, -106.08, -0.76, -0.33, -0.36
202891, 3.06, 9.01, -3.08, 37.36, -18.71, -100.50, -0.53, -0.11, -0.43
203139, 3.63, 8.97, -2.73, 40.22, -16.27, -102.78, -0.15, -0.54, -0.63
203386, 4.92, 7.18, -0.51, 42.36, -15.55, -107.53, 0.29, 0.92, 0.14
203632, 5.62, 8.51, -2.00, 40.06, -17.98, -109.16, 1.00, 0.26, 0.70
203880, 2.62, 8.05, -0.41, 34.39, -20.14, -114.85, 0.21, 0.20, 0.37
204126, 2.93, 8.78, -2.54, 35.50, -20.55, -108.70, -0.71, 0.35, -0.18
204374, 1.81, 8.47, -4.41, 37.31, -20.13, -101.01, -0.46, 0.29, -0.36
204630, 2.73, 9.09, -1.78, 38.12, -18.02, -97.59, -0.24, -0.69, 0.23
204875, 2.99, 11.98, -2.53, 40.88, -15.00, -98.45, 0.06, -0.43, -0.27
205123, 5.39, 7.17, 0.17, 41.86, -16.71, -105.25, 0.86, -0.29, 0.39
205369, 5.06, 8.37, -1.16, 35.94, -20.55, -114.73, 1.02, 1.06, 0.69
205617, 4.90, 8.89, -2.14, 33.91, -20.02, -115.01, -0.14, 0.89, -0.36
205862, 1.19, 8.78, -3.80, 34.70, -20.64, -109.35, -0.60, -0.15, 0.02
206110, 1.64, 9.13, -1.99, 35.97, -19.61, -106.15, -0.25, -0.30, -0.33
206356, 5.29, 9.28, -4.68, 38.37, -17.06, -108.24, 0.05, -0.49, -0.45
206614, 3.94, 8.41, -1.88, 39.08, -16.98, -110.67, 0.37, 0.04, -0.05
206876, 3.58, 8.74, -0.58, 38.22, -17.77, -112.20, 0.37, 0.45, 0.50
207122, 2.99, 8.69, 0.77, 35.94, -18.34, -115.19, 0.48, 0.03, 0.49
207370, 1.66, 9.66, -3.04, 34.68, -20.23, -111.11, -0.63, 0.51, 0.08
207616, 2.36, 8.73, -2.60, 35.36, -19.31, -106.83, -0.32, -0.10, -0.35
207863, 6.38, 9.74, -2.36, 38.60, -17.54, -105.52, 0.22, -0.83, -0.46
208109, 5.30, 8.22, -4.19, 40.12, -16.18, -110.77, 0.01, 0.12, -0.22
208365, 5.17, 8.87, -2.07, 37.85, -18.24, -117.01, 0.85, -0.65, 0.63
208611, 3.76, 8.02, 0.55, 36.04, -16.90, -120.34, 0.44, 1.37, 0.20
208859, 7.56, 17.58, 9.75, 38.47, -18.87, -116.33, 1.76, 0.36, -0.45
209104, 1.92, 8.41, -3.73, 36.80, -18.34, -111.15, -0.66, -0.10, -0.26
209350, 1.83, 9.45, -2.08, 39.10, -16.15, -107.41, -0.50, -0.14, -0.49
209598, 7.39, 11.99, -4.87, 41.67, -15.19, -112.25, 0.59, -0.60, -0.22
209844, 4.24, 8.61, 1.47, 41.84, -14.25, -110.90, 0.53, 0.24, 0.39
210098, 3.38, 7.98, -0.79, 40.05, -16.68, -115.77, 0.92, 0.52, 0.16
210345, 1.77, 7.56, 0.78, 37.17, -16.71, -120.17, -0.11, -0.43, 0.79
210591, 0.92, 8.80, -1.59, 37.68, -19.79, -115.64, -1.09, -0.70, -0.04
210839, 2.93, 8.84, -2.62, 39.20, -19.94, -108.55, -0.62, 0.05, -0.55
211085, 1.11, 9.17, -3.09, 41.30, -16.34, -105.35, -0.54, -0.39, -0.54
211333, 6.47, 7.71, -3.40, 43.17, -15.00, -111.69, -0.38, -0.79, -0.04
211580, 4.96, 9.34, 0.94, 39.74, -16.75, -111.52, 0.80, 0.30, 0.41
211834, 4.80, 7.78, -0.46, 37.09, -17.29, -114.59, 1.00, 1.32, 0.24
212082, 4.12, 11.51, 3.70, 32.01, -17.33, -114.38, 0.71, 1.27, 0.02
212328, 3.09, 8.49, -2.20, 32.39, -18.68, -108.59, -0.96, -0.21, -0.37
212576, 0.71, 10.21, -2.97, 35.60, -15.74, -104.49, -0.78, -0.67, -0.38
212822, 4.18, 7.59, -2.75, 36.98, -13.80, -110.38, -0.10, -0.45, -0.15
213069, 4.74, 8.28, -0.44, 36.50, -14.06, -111.62, 0.47, 0.12, 0.29
213317, 3.55, 8.42, 0.35, 37.61, -13.02, -112.26, 0.74, 0.37, 0.35
213563, -0.11, 7.23, -0.33, 30.97, -16.95, -116.49, -0.50, -0.71, 0.44
213817, 2.01, 9.78, 0.80, 28.63, -19.92, -114.07, -0.10, -0.09, -0.02
214065, 1.56, 9.21, -2.37, 29.03, -20.26, -111.85, -0.28, -0.08, -0.36
214310, 3.80, 11.83, -3.91, 33.28, -16.72, -108.51, -0.70, -0.01, -0.89
214558, 5.90, 8.44, -3.42, 38.82, -13.71, -110.83, -0.31, 0.26, -0.46
214804, 2.81, 9.07, -0.62, 37.65, -15.35, -112.20, 0.71, 0.11, 0.61
215052, 3.52, 8.46, -0.58, 33.85, -15.07, -115.80, 0.71, 0.09, 0.48
215298, 6.12, 5.98, 1.24, 34.42, -15.81, -115.81, -0.97, -0.75, 0.10
215554, 0.95, 9.46, -2.70, 32.52, -19.25, -112.51, -0.45, -0.33, -0.09
215801, 2.63, 9.32, -2.17, 33.34, -18.47, -109.53, -0.31, -0.66, -0.36
216047, 6.83, 7.70, -2.77, 36.57, -16.57, -112.73, 0.20, -0.33, -0.56
216295, 3.55, 9.09, -1.73, 37.80, -14.56, -110.79, 0.60, 0.64, 0.35
216541, 3.77, 9.36, -1.01, 35.49, -16.12, -114.97, 1.24, 0.34, 0.78
216788, 3.90, 7.95, 0.55, 35.78, -15.59, -115.99, 0.21, 0.81, 0.11
217034, 0.40, 8.58, 3.95, 36.32, -16.37, -109.19, -0.05, 0.42, 0.13
217288, 3.81, 9.11, -1.31, 39.17, -16.90, -107.28, -0.62, -0.36, -0.62
217536, 6.74, 7.78, 5.99, 41.61, -14.03, -112.47, 1.86, -1.26, 0.17
217782, 4.23, 7.53, -0.13, 36.31, -14.94, -116.25, 1.01, 1.53, 0.58
218030, 3.93, 9.12, 1.09, 37.34, -14.94, -109.85, 0.88, 1.88, 0.23
218275, 2.55, 8.45, 1.03, 39.87, -16.40, -104.87, 0.20, 0.75, 0.17
218523, 1.61, 9.59, -0.59, 40.02, -16.18, -100.07, -0.39, 0.42, -0.36
218769, 4.81, 8.50, -2.72, 41.95, -12.44, -95.54, -0.17, 0.36, -0.55
219017, 4.42, 9.60, -0.57, 46.46, -9.18, -97.14, 0.85, -0.37, -0.47
219271, 6.45, 7.52, 0.88, 49.34, -6.15, -94.59, 0.66, 1.25, 0.04
219518, 3.60, 8.00, -1.72, 47.34, -9.70, -94.39, 0.84, 1.02, 0.29
219764, 2.92, 8.73, -1.47, 44.97, -12.51, -94.26, 0.53, 0.84, 0.36
220010, 8.34, 12.78, -1.69, 41.70, -15.16, -87.72, -0.20, 0.66, -0.39
220258, 1.49, 9.76, -2.17, 40.02, -12.95, -82.34, -0.22, 0.20, -0.05
220506, 1.72, 9.26, -2.63, 39.54, -11.25, -79.98, -0.35, -0.29, -0.17
220751, 1.77, 9.33, -1.77, 41.77, -8.65, -80.59, -0.24, -0.31, -0.26
221005, 4.60, 9.62, -1.79, 47.21, -7.57, -87.14, 0.67, -1.13, -0.04
221253, 4.14, 7.90, -0.22, 46.46, -9.16, -88.23, 0.63, 0.95, 0.46
221501, 4.10, 8.94, -0.45, 39.17, -16.25, -85.00, 1.11, 1.68, 0.42
221751, 3.48, 6.95, 0.63, 35.49, -19.26, -84.26, 0.09, 0.15, 0.21
221997, -0.57, 9.31, -1.87, 33.85, -17.20, -80.88, -0.82, -0.10, -0.37
222244, 2.74, 8.88, -3.26, 36.10, -12.04, -76.64, -0.55, -0.18, -0.57
222492, 4.43, 11.17, -1.97, 42.40, -9.15, -78.90, 0.32, -0.48, -0.46
222746, 5.67, 7.54, 0.14, 43.55, -8.10, -77.62, 0.06, 0.33, -0.12
222994, 4.30, 8.85, -0.82, 37.77, -12.66, -75.39, 0.63, 0.87, 0.55
223240, 3.75, 8.54, -0.33, 28.53, -18.63, -75.68, 0.60, 1.09, 0.19
223488, 3.17, 9.39, -2.72, 24.88, -17.30, -71.62, -0.33, 0.35, -0.01
223733, 1.80, 9.76, -0.32, 24.25, -15.78, -68.75, -0.34, -0.21, -0.14
223981, 2.70, 9.58, -2.09, 26.92, -12.47, -67.60, -0.40, -0.28, -0.37
224227, 4.36, 11.74, -2.47, 32.97, -10.00, -68.90, 0.51, -0.42, -0.55
224475, 5.13, 7.71, 0.24, 33.44, -11.62, -69.73, 0.65, -0.20, 0.20
224729, 4.17, 9.45, -0.42, 25.65, -21.82, -76.15, 1.13, 0.67, 0.82
224974, 2.08, 8.09, 0.28, 13.88, -25.83, -79.09, -0.27, 0.08, 0.35
225222, 1.40, 9.80, -0.32, 13.64, -21.06, -73.44, -0.44, 0.06, -0.07
225468, 2.99, 9.04, -1.85, 16.09, -19.18, -69.32, -0.27, 0.06, -0.35
225716, 3.80, 9.75, -1.27, 20.78, -16.49, -69.58, 0.32, -0.47, -0.55
225961, 5.75, 7.16, -4.76, 26.72, -18.68, -73.71, -0.49, 0.73, -0.54
226209, 2.81, 9.42, -1.26, 23.34, -21.06, -76.25, 0.26, 0.21, 0.50
226463, 3.11, 8.78, 0.35, 9.92, -24.76, -80.39, 0.06, -0.28, 0.67
226709, 4.39, 12.26, -2.02, 4.15, -25.52, -81.03, -0.54, 0.33, -0.31
226957, 1.80, 9.53, -1.85, 2.84, -21.86, -76.44, -0.27, -0.06, -0.19
227203, 1.51, 9.20, -2.26, 6.42, -19.15, -70.71, -0.58, 0.42, -0.58
227450, 3.60, 7.71, -3.07, 11.88, -14.78, -67.73, -0.29, -0.64, -0.48
227696, 3.69, 7.96, -2.03, 20.05, -19.64, -72.84, 0.19, 0.39, -0.17
227944, 3.69, 8.88, -0.46, 13.49, -22.95, -76.62, 1.04, 0.79, 0.61
228190, 2.05, 8.24, -0.13, 3.22, -24.77, -83.72, 0.33, 0.61, 0.47
228444, 2.82, 8.34, -3.49, -1.21, -22.54, -81.51, -1.02, 0.10, -0.23
228689, 1.77, 9.13, -2.80, 0.53, -19.67, -75.08, -0.49, 0.03, -0.38
228937, 2.45, 8.63, -4.01, 5.36, -17.41, -70.52, -0.22, -0.36, -0.54
229183, 7.24, 11.44, -0.93, 15.38, -16.97, -67.99, 1.07, -0.64, -0.50
229431, 3.74, 8.25, -0.82, 15.86, -23.12, -73.72, 0.68, 0.92, 0.55
229677, 3.62, 8.35, -0.77, 2.21, -27.23, -83.62, 0.95, 1.31, 0.40
229924, 2.77, 8.02, 1.40, -4.97, -27.20, -92.46, 0.38, 1.23, 0.24
230178, 2.43, 8.92, 0.21, -6.58, -27.14, -90.56, -0.47, -0.24, 0.03
230426, 2.44, 9.64, -2.02, -5.70, -24.77, -83.81, -0.70, -0.17, -0.42
230672, 3.21, 8.61, -1.99, 0.32, -24.31, -77.32, 0.24, -0.27, -0.55
230920, 3.66, 9.09, -5.13, 8.11, -27.51, -80.12, 0.68, 0.77, -0.24
231165, 3.02, 8.50, -0.51, 4.50, -29.51, -89.37, 0.59, 0.18, 0.28
231411, 1.31, 7.58, 0.26, -1.80, -27.93, -99.28, 0.34, 0.74, 0.79
231659, 1.66, 9.06, -1.73, -2.35, -27.46, -97.33, -0.58, 0.06, -0.15
231905, 3.73, 8.84, -2.48, -1.89, -27.80, -96.29, 0.19, 0.32, -0.24
232159, 2.45, 9.36, -4.10, 2.13, -28.78, -94.39, -0.54, 0.18, -0.52
232404, 3.86, 8.80, -2.23, 8.67, -29.38, -94.12, 0.49, 0.11, -0.46
232652, 3.70, 8.46, -0.11, 10.49, -30.42, -98.82, 0.66, 0.53, 0.22
232898, 3.59, 8.85, -1.62, 5.17, -27.87, -107.44, 1.14, 0.86, 0.47
233146, 2.17, 7.86, 0.19, 2.29, -25.45, -113.67, -0.39, 0.14, 0.16
233392, 2.28, 9.32, -0.89, 2.38, -26.02, -107.35, -0.22, 0.14, -0.27
233637, 2.82, 9.01, -3.25, 4.52, -26.69, -104.11, -0.50, -0.03, -0.50
233893, 4.49, 9.95, -2.08, 9.50, -28.08, -105.44, 0.72, -0.53, -0.35
234139, 3.80, 7.76, 0.12, 11.08, -26.40, -108.24, 0.21, 0.53, 0.03
234387, 4.21, 8.24, -1.41, 8.17, -26.97, -109.12, 0.26, 0.61, 0.14
234633, 3.15, 9.50, -1.08, 5.48, -25.43, -111.75, 0.06, 0.18, 0.36
234881, 3.88, 7.49, -1.58, 3.87, -25.18, -110.41, -0.30, -0.09, -0.28
235126, 1.73, 10.08, -1.16, 5.45, -26.18, -107.31, -0.08, 0.21, -0.07
235374, 3.46, 8.94, -2.53, 6.33, -26.62, -104.57, -0.21, -0.14, -0.31
235632, 6.43, 10.38, -2.28, 8.75, -27.59, -103.48, 0.11, -1.32, -0.56
235884, 3.83, 8.76, -0.65, 7.79, -26.91, -104.05, 0.43, 0.31, 0.28
236136, 2.48, 8.36, -0.41, 3.22, -26.76, -106.91, 0.13, 0.10, 0.54
236390, 3.05, 9.24, 0.52, -0.60, -25.49, -107.44, 0.07, 0.30, 0.09
236644, 2.39, 9.53, -1.48, 2.24, -26.63, -103.99, -0.46, -0.07, -0.16
236896, 0.96, 9.65, -1.86, 2.98, -26.89, -98.86, -0.27, -0.60, -0.29
237148, 4.62, 9.05, -2.33, 5.67, -27.90, -95.22, -0.44, -1.89, -0.05
237402, 3.77, 8.51, 0.71, 2.75, -28.08, -95.37, 0.16, -0.44, 0.43
237682, 3.14, 8.87, 0.98, -2.59, -26.82, -98.85, 0.03, -0.33, 0.25
237928, 2.07, 9.98, -2.22, -3.83, -27.32, -94.42, -1.03, 0.05, -0.48
238176, 1.03, 9.54, -3.47, -3.86, -26.66, -87.62, -0.42, 0.26, -0.10
238422, 0.85, 9.82, -1.18, -1.81, -25.56, -82.05, -0.52, -0.35, -0.37
238669, 7.33, 10.31, 2.48, 5.90, -29.80, -80.94, 1.14, -0.72, -0.34
238915, 4.90, 8.53, 0.86, 2.91, -33.97, -84.55, 0.72, -0.18, 0.59
239161, 2.80, 6.64, 0.38, -3.07, -31.77, -82.80, -0.52, -1.12, 0.34
239415, 3.78, 8.64, -0.73, -3.20, -27.84, -76.83, -1.08, -0.17, -0.23
239663, 1.74, 8.73, -2.49, -3.43, -20.97, -68.20, -0.53, -0.15, 0.01
239908, 1.83, 9.23, -3.21, 0.50, -15.78, -62.58, -0.36, -0.52, -0.23
240156, 5.18, 11.75, -1.33, 13.15, -20.55, -64.95, 1.68, -1.29, -0.13
240402, 6.75, 8.65, 0.61, 13.62, -25.18, -70.89, 2.07, 1.66, 0.15
240650, 2.01, 8.71, -1.17, 7.64, -28.11, -78.66, 0.74, 0.57, 0.38
240896, 4.21, 18.49, 0.61, 2.94, -28.81, -81.23, -1.04, 0.87, 0.23
241143, 2.44, 8.90, -2.40, 2.84, -23.94, -73.95, -0.79, -0.07, -0.46
241397, 2.78, 8.61, -3.04, 5.73, -20.18, -68.49, -0.75, -0.34, -0.38
241645, 5.42, 8.67, 0.14, 14.29, -20.02, -67.90, 1.10, -1.43, -0.36
241891, 5.53, 8.30, -0.01, 17.70, -22.74, -70.49, 0.41, 0.89, 0.02
242139, 4.66, 8.58, -1.46, 10.04, -27.23, -77.93, 0.98, 0.66, 0.62
242384, 5.00, 11.76, 1.61, 2.22, -29.35, -85.17, 0.54, -0.19, -0.01
242632, 4.12, 8.77, -0.43, 1.59, -25.88, -78.19, -0.61, 0.03, -0.20
242878, 2.77, 8.25, -3.31, 3.79, -23.62, -74.55, -0.34, -0.57, -0.21
243132, 2.02, 10.58, -2.90, 11.43, -19.77, -70.14, -0.46, -0.73, -0.44
243380, 3.47, 7.94, -1.00, 16.79, -22.26, -72.33, 0.24, 0.68, 0.03
243628, 3.80, 8.69, -1.02, 10.80, -27.36, -79.41, 0.78, 0.17, 0.51
243873, 3.22, 7.27, 1.29, 4.72, -28.40, -86.14, 0.02, -0.16, 0.49
244119, 1.28, 9.73, -1.00, 2.63, -26.50, -80.62, -0.09, 0.73, -0.30
244367, 3.10, 8.66, -2.37, 4.78, -22.43, -72.57, -0.60, -0.38, -0.39
244613, 4.37, 10.60, -1.45, 11.93, -22.07, -70.61, 0.31, -0.82, -0.17
244869, 5.07, 8.76, -0.42, 13.84, -22.84, -72.19, 0.64, 0.36, 0.31
245116, 3.17, 8.56, -0.04, 7.86, -28.08, -81.16, 0.93, 0.16, 0.21
245616, 2.11, 9.67, -1.02, 4.05, -27.51, -80.71, -0.53, -0.87, 0.21
245954, 2.42, 9.08, -2.52, 5.83, -23.06, -73.05, -0.36, -0.14, -0.37
246202, 5.93, 9.85, -2.67, 12.96, -20.96, -69.70, -0.28, -0.44, -0.71
246448, 3.11, 9.28, -3.37, 18.47, -23.27, -71.81, 0.12, 0.09, 0.22
246695, 4.80, 9.49, 0.29, 7.51, -26.63, -78.60, 1.24, 0.43, 0.75
246941, 2.25, 8.30, 1.00, 5.89, -28.68, -86.41, 0.48, 0.07, 0.28
247195, 1.09, 9.37, 1.72, 2.15, -28.38, -83.70, -0.43, -0.28, 0.32
247441, 1.44, 9.31, -1.85, 4.18, -22.90, -73.75, -0.77, -0.44, -0.32
247689, 6.31, 13.40, -2.11, 11.71, -18.39, -67.32, -0.52, -0.89, -0.70
247934, 3.56, 8.29, -2.48, 18.58, -24.25, -74.16, 0.17, 0.30, 0.23
248182, 1.93, 8.40, 0.87, 11.11, -27.27, -80.09, -0.07, -0.21, 0.23
